0 RELAY 1 (A-15)
1   503U 62068A   19079.75963444 -.00000014  00000-0  00000+0 0  9993
2   503  47.5099 210.0533 2842745 250.8735 297.9957  7.78161100599776
0 TELSTAR 2 (A-41)
1   573U 63013A   19080.72914722 -.00000015 +00000-0 +25228-3 0  9999
2   573 042.7572 254.9940 4007964 171.6374 157.8766 06.39263495417005
0 RELAY 2
1   737U 64003A   19080.96542870 -.00000011 +00000-0 +00000-0 0  9992
2   737 046.4617 081.3031 2594044 297.4643 038.6103 07.39534371490462
0 ELEKTRON 1
1   746U 64006A   19080.52669296 +.00000353 +00000-0 +11348-3 0  9997
2   746 060.8564 144.0241 3029348 271.0717 054.9822 09.03575008827642
0 ELEKTRON 3
1   829U 64038A   19080.71624781 +.00000189 +00000-0 +68033-4 0  9996
2   829 060.8055 232.4909 2976990 006.8182 356.5196 09.13840002773101
0 LES 2
1  1360U 65034B   19078.35129586 -.00000025 +00000-0 +00000-0 0  9990
2  1360 032.1533 104.6417 3964798 250.2676 063.4686 04.64821767914907
0 INTELSAT 2-F1
1  2514U 66096A   19080.51112946 -.00000154 +00000-0 +00000-0 0  9997
2  2514 017.1048 194.6594 6350997 341.5037 003.1839 02.00363207041771
0 OV1-13
1  3173U 68026A   19080.91769217 -.00000025  00000-0 -23993-4 0  9995
2  3173  99.9484 260.9144 3816468 231.8393  87.3240  7.25397208346718
0 OV1-14
1  3174U 68026B   19080.02481617 -.00000071  00000-0 -12362-3 0  9991
2  3174  99.9863 275.2559 4007183 103.6716  21.0177  6.96293711292424
0 OV1-19
1  3825U 69025C   19081.44951165 -.00000088  00000-0 -19794-4 0  9996
2  3825 104.7173  65.1360 2691746 216.6954 121.5903  9.55843003731056
0 COSMOS 520
1  6192U 72072A   19081.71719378  .00000005  00000-0  00000+0 0  9992
2  6192  73.2426 314.8122 4439710 272.9471 203.8126  2.01315386341947
0 COSMOS 606
1  6916U 73084A   19080.63154160 -.00000171 +00000-0 +00000-0 0  9998
2  6916 071.5450 187.9947 5602868 216.1249 257.2636 02.00332416332427
0 MOLNIYA 2-9
1  7276U 74026A   19079.96408520 -.00000006 +00000-0 +45936-3 0  9998
2  7276 063.4306 058.6938 6849286 289.4434 012.0844 02.45097744220322
0 MOLNIYA 2-10
1  7376U 74056A   19081.60964670  .00000974  00000-0  00000+0 0  9991
2  7376  63.4180 217.0898 6954299 294.5695  10.1479  2.01080320326612
0 COSMOS 706
1  7625U 75007A   19080.25483465 -.00000733 +00000-0 +00000-0 0  9998
2  7625 067.7689 016.7433 5912450 025.0406 354.4948 02.00824392183382
0 MOLNIYA 1-29
1  7780U 75036A   19079.88171976  .00000027  00000-0  66906-4 0  9996
2  7780  62.3397  25.6376 7488711 283.6471   9.8389  2.00644288321883
0 MOLNIYA 2-14
1  8195U 75081A   19079.98582715  .00001246  00000-0 -58791-4 0  9993
2  8195  62.5450 350.3558 7473917 288.6804   8.9350  2.02039298319014
0 MOLNIYA 1-32
1  8601U 76006A   19080.15574241 +.00000507 +00000-0 +00000-0 0  9993
2  8601 062.2272 119.6894 7271275 273.9796 013.5453 01.99933680029022
0 COSMOS 862
1  9495U 76105A   19080.90209358 +.00000414 +00000-0 +00000-0 0  9999
2  9495 069.6394 197.1885 5699827 273.6447 026.4442 02.00315368188629
0 MOLNIYA 2-17
1  9829U 77010A   19080.23342533  .00001969  00000-0  43774-3 0  9999
2  9829  61.2428 125.3573 7480397 270.8933  12.9000  2.00581945308523
0 MOLNIYA 1-36
1  9880U 77021A   19080.02107179 -.00001199  00000-0  11189-3 0  9991
2  9880  61.7950  97.7446 7414752 277.4669  11.5941  2.00459513205695
0 ESA/GOES
1  9931U 77029A   19081.08552846 -.00000517  00000-0  00000+0 0  9997
2  9931  26.4486 170.1174 6587034 223.8323  59.4805  1.96180217299995
0 MOLNIYA 3-7
1  9941U 77032A   19079.98735961  .00023520 -75823-7  84132-3 0  9992
2  9941  61.4002  94.7215 7525710 275.9914  11.2290  2.01814193306980
0 COSMOS 917
1 10059U 77047A   19080.30412228 -.00000687 +00000-0 +00000-0 0  9992
2 10059 062.9784 240.8564 6826432 039.4549 354.1081 02.00413938306031
0 COSMOS 931
1 10150U 77068A   19080.73546917 -.00000019 +00000-0 +00000-0 0  9996
2 10150 068.7225 207.0489 5794296 035.2080 265.8590 02.00818186305714
0 MOLNIYA 3-8
1 10455U 77105A   19079.72625112 -.00000991  00000-0  55542-2 0  9990
2 10455  62.1436 173.7968 7156773 273.1815  14.6502  2.00575705303301
0 MOLNIYA 1-40
1 10925U 78055A   19080.35427270 -.00000400 +00000-0 -16778-3 0  9998
2 10925 062.4329 203.6710 7083120 277.0535 013.9507 02.00680105298932
0 COSMOS 1024
1 10970U 78066A   19080.17279211  .00000084  00000-0  00000+0 0  9993
2 10970  64.6721 314.3633 6529732  32.5845 354.6821  2.00476063298375
0 MOLNIYA 3-10
1 11057U 78095A   19081.53698917  .00002219  00000-0  32555-3 0  9997
2 11057  62.5185 136.8125 5978633 288.0825  18.0255  4.08449202335299
0 GORIZONT 1
1 11158U 78118A   19080.95110239 -.00000029  00000-0  00000+0 0  9990
2 11158  13.4338 249.9469 3570892 219.1495 108.4675  1.00254565 96406
0 AYAME 1 (ECS 1)
1 11261U 79009A   19081.51077326 -.00000094  00000-0  00000+0 0  9999
2 11261   9.1136  85.7741 3666744 201.9300 323.3510  1.68578689131578
0 COSMOS 1109
1 11417U 79058A   19080.18806811 -.00000515  00000-0  00000+0 0  9995
2 11417  71.0066 321.7387 5864573 293.4824  16.9236  2.01415496180588
0 COSMOS 1124
1 11509U 79077A   19080.33529423 -.00000332 +00000-0 +00000-0 0  9994
2 11509 063.7153 275.5399 6674786 043.9415 352.9808 02.00822043290280
0 SATCOM 3
1 11635U 79101A   19081.01073361 -.00000133  00000-0  00000+0 0  9991
2 11635   9.9961 346.9356 4843211 323.0436 264.6810  1.82532853175694
0 AYAME 2 (ECS-2)
1 11715U 80018A   19081.61560262 -.00000108  00000-0  00000+0 0  9998
2 11715   7.4080 262.1987 4422607 231.4644  77.5506  1.75493833188628
0 COSMOS 1191
1 11871U 80057A   19080.82689972 -.00000232  00000-0  00000+0 0  9994
2 11871  66.4878 280.2760 5746101  59.1561 345.0428  2.00867544190366
0 MOLNIYA 3-13
1 11896U 80063A   19080.12324844 -.00000357 +00000-0 -12981-2 0  9998
2 11896 062.5934 294.5464 7376313 272.7844 013.0404 02.00670374283356
0 COSMOS 1217
1 12032U 80085A   19079.96502922  .00000220  00000-0  00000+0 0  9993
2 12032  69.5951 328.7840 6443143 333.1553   4.7897  2.00909021229185
0 COSMOS 1223
1 12078U 80095A   19080.87298086 +.00000183 +00000-0 +00000-0 0  9998
2 12078 070.6514 155.7800 5545627 024.0527 316.7716 02.00661721280548
0 MOLNIYA 1-49
1 12156U 81009A   19079.99023010  .00000960  00000-0 -18696-2 0  9991
2 12156  63.0840 343.3647 7251714 248.0901  24.7805  2.05689442197158
0 KIKU 3 (ETS 4)
1 12295U 81012A   19079.48794030 +.00001846 +00000-0 +26997-3 0  9997
2 12295 028.4527 264.1955 5035186 294.1187 021.9268 05.57496062489217
0 COSMOS 1247
1 12303U 81016A   19080.16737002 -.00000252 +00000-0 +00000-0 0  9999
2 12303 066.5656 208.6666 6276019 038.9663 352.4985 02.02492231281614
0 COSMOS 1261
1 12376U 81031A   19080.40853255 -.00000321 +00000-0 +00000-0 0  9999
2 12376 068.4627 249.0460 5445562 057.9908 343.7011 02.00913574174369
0 CAT 3
1 12546U 81057C   19081.11439031  .00018938  00000-0  67144-3 0  9994
2 12546  10.2455  76.6366 6082334  90.5648 334.9807  3.98897837301212
0 DYNAMICS EXPLORER 1
1 12624U 81070A   19080.70929947 -.00000219  00000-0 -14538-3 0  9994
2 12624  90.1269  34.2461 6247563   9.0086 358.2510  3.52496395631987
0 COSMOS 1285
1 12627U 81071A   19080.80231778 +.00000776 +00000-0 +00000-0 0  9999
2 12627 068.3008 254.8627 5527286 057.7813 167.3817 01.98057632194126
0 COSMOS 1305
1 12818U 81088A   19081.08117543 -.00000033  00000-0  12310-3 0  9990
2 12818  63.1972 335.1192 4645167 215.4097 102.4653  5.46073004748419
0 COSMOS 1317
1 12933U 81108A   19081.78218264  .00000040  00000-0  00000+0 0  9996
2 12933  71.4719 214.4449 4895995  37.5688   6.4564  2.00241616273327
0 CAT 4
1 13011U 81122B   19081.64888422  .00003663  00000-0  45054-3 0  9990
2 13011  10.5109 332.4347 6639874  14.7389 357.8025  3.14520141276146
0 MOLNIYA 1-52
1 13012U 81123A   19080.14077358 +.00001173 +00000-0 +00000-0 0  9997
2 13012 064.0372 087.3465 7063346 249.3853 026.2803 02.00738697272810
0 MOLNIYA 1-53
1 13070U 82015A   19079.91806622  .00000444  00000-0  13599-3 0  9999
2 13070  62.5029  38.5634 7503170 269.6788  13.1910  2.00677081271483
0 COSMOS 1341
1 13080U 82016A   19080.14348085 -.00000823 +00000-0 +00000-0 0  9994
2 13080 067.4800 180.6873 6501547 026.0026 355.6726 02.00422140181702
0 COSMOS 1348
1 13124U 82029A   19080.46814373 +.00000088 +00000-0 +00000-0 0  9992
2 13124 071.8662 242.7013 4498359 050.1132 195.5794 02.00405744270405
0 COSMOS 1367
1 13205U 82045A   19080.80108705 +.00000644 +00000-0 +00000-0 0  9991
2 13205 070.7955 182.8498 5335915 041.2441 264.2079 02.00710862269770
0 COSMOS 1382
1 13295U 82064A   19081.34042744 -.00000476  00000-0  00000+0 0  9994
2 13295  67.3157  41.0157 6098436  57.6531 347.1782  2.00293288227515
0 MOLNIYA 3-20
1 13875U 83015A   19081.74718595  .00000093  00000-0 -28970-1 0  9996
2 13875  63.7011 154.6249 6885575 257.2246  22.2817  2.00824990200027
0 MOLNIYA 1-56
1 13890U 83019A   19080.63777951 -.00000507 +00000-0 +00000-0 0  9998
2 13890 063.2893 179.4272 6921817 261.4751 048.0958 01.99948566262939
0 OV2-3
1 13912U 65108V   19081.37115306  .00001374  00000-0  22174-3 0  9995
2 13912  26.5684 174.8557 5581255  95.5583 327.0961  4.68943055440664
0 OSCAR 10
1 14129U 83058B   19078.04938797 -.00000353 +00000-0 +00000-0 0  9995
2 14129 026.6872 291.3935 6004497 116.9035 315.3091 02.05870507240997
0 COSMOS 1481
1 14182U 83070A   19080.56161027 +.00000484 +00000-0 +00000-0 0  9996
2 14182 069.5584 042.6502 6358340 334.8304 004.2889 02.03575665186261
0 STTW-T1
1 14670U 84008A   19079.31049097 -.00000038 +00000-0 -25083-4 0  9992
2 14670 036.1253 035.3297 2984198 204.5255 137.8420 08.98593822145697
0 COSMOS 1541
1 14790U 84024A   19080.93702083 +.00000099 +00000-0 +00000-0 0  9997
2 14790 071.6801 249.3169 4561424 061.1265 126.6652 02.00554738228911
0 COSMOS 1547
1 14884U 84033A   19080.91251256 -.00000272  00000-0  00000+0 0  9993
2 14884  69.2828 112.2050 6419836 357.1812   0.5989  2.00619517196443
0 COSMOS 1581
1 15095U 84071A   19080.59591719 +.00000979 +00000-0 +00000-0 0  9999
2 15095 066.3114 251.6883 6142511 051.8058 349.0894 01.99716483227650
0 CCE 1 (AMPTE)
1 15199U 84088A   19080.43290977 -.00000251 +00000-0 +00000-0 0  9991
2 15199 004.1993 086.4982 7648369 073.8086 046.8646 01.53312921159854
0 MOLNIYA 1-62
1 15214U 84089A   19081.15374959 -.00000940  00000-0  10789-1 0  9994
2 15214  62.7590 192.2491 7132076 263.8432  18.1825  1.97956487220832
0 COSMOS 1596
1 15267U 84096A   19080.66573685 -.00000339 +00000-0 +35242+0 0  9993
2 15267 067.7325 322.1295 5797224 073.4648 003.8215 02.00874460252969
0 COSMOS 1604
1 15350U 84107A   19080.93682644 -.00000649 +00000-0 +00000-0 0  9994
2 15350 069.6201 132.6838 5757656 043.5108 315.0740 02.00417934252439
0 MOLNIYA 1-63
1 15429U 84124A   19081.70595687  .00001182  00000-0  00000+0 0  9997
2 15429  63.9225 281.1231 6771672 269.5421  23.6498  2.00720678251072
0 MOLNIYA 3-24
1 15738U 85040A   19080.82516671  .00000092  00000-0  21958-1 0  9992
2 15738  64.0610 276.4948 6485044 256.6490  41.0442  2.55627521273648
0 COSMOS 1661
1 15827U 85049A   19080.54167962 +.00000759 +00000-0 +00000-0 0  9998
2 15827 067.8066 248.0975 5899206 127.2451 302.4776 02.00673620247271
0 COSMOS 1675
1 15952U 85071A   19080.94150604  .00000764  00000-0  21929-3 0  9993
2 15952  64.5706 293.9904 6682660 354.1382   0.9531  3.05199133306885
0 COSMOS 1684
1 16064U 85084A   19081.63510719 -.00000754  00000-0  00000+0 0  9999
2 16064  67.1228 218.7847 5877183 150.1160 263.0624  2.00471798245377
0 COSMOS 1687
1 16103U 85088A   19080.94018924 -.00000643 +00000-0 +00000-0 0  9999
2 16103 069.7420 148.1629 5565987 053.9732 282.7121 02.00750849245195
0 COSMOS 1698
1 16183U 85098A   19081.81512097  .00000102  00000-0  00000+0 0  9993
2 16183  70.9754 213.9903 4770119  67.4776 151.1452  2.00642065244796
0 MOLNIYA 3-27
1 16393U 85117A   19076.58730753  .00000141  00000-0 -11104+0 0  9998
2 16393  64.6853 210.5281 6452837 264.0607 185.8618  2.12398457248962
0 COSMOS 1729
1 16527U 86011A   19080.88602597 +.00000014 +00000-0 +00000-0 0  9995
2 16527 070.7316 279.2237 4746158 117.3363 227.2429 02.00436482242711
0 VIKING
1 16614U 86019B   19080.87328094 -.00000082 +00000-0 -92869-3 0  9990
2 16614 098.8007 140.6063 4702966 180.8295 176.9880 05.50546732664696
0 COSMOS 1761
1 16849U 86050A   19080.74172372 +.00000699 +00000-0 +00000-0 0  9992
2 16849 069.6939 177.2265 5066310 075.6993 210.5873 02.00523528239605
0 COSMOS 1783
1 16993U 86075A   19081.19908773  .00026431 -57389-6  30474-3 0  9993
2 16993  62.2639  88.2350 6053535 248.7184  39.0244  4.06289256476916
0 MOLNIYA 1-69
1 17078U 86089A   19081.78363856 -.00001079  00000-0 -51483-3 0  9992
2 17078  64.3501 304.6470 6890902 269.3608 225.0546  2.00805911237109
0 COSMOS 1806
1 17213U 86098A   19081.54954132 -.00000626  00000-0  00000+0 0  9991
2 17213  68.6449 258.5502 5493103 141.4480 132.1328  2.00648757236322
0 MOLNIYA 3-31
1 17328U 87008A   19080.99775087 -.00000205  00000-0  00000+0 0  9991
2 17328  63.9309 251.2220 6767865 265.0303  20.8943  2.00637245232159
0 COSMOS 1851
1 18103U 87050A   19081.20428841  .00000011  00000-0  00000+0 0  9992
2 18103  70.8366 279.6384 4841096 117.3005  73.4969  2.00796210232825
0 COSMOS 1903
1 18701U 87105A   19080.42923239 -.00000602 +00000-0 +00000-0 0  9999
2 18701 069.0277 312.1257 5493234 151.6005 254.4831 02.00746446229631
0 COSMOS 1922
1 18881U 88013A   19080.88573481  .00000706  00000-0  00000+0 0  9990
2 18881  68.9241 200.6978 5156540 113.3172 307.8956  2.00768992227590
0 MOLNIYA 1-71
1 18946U 88017A   19081.57405689  .00000025  00000-0 -21171-1 0  9996
2 18946  63.6295 255.3618 6902405 264.6532  58.0513  2.00558479227367
0 COSMOS 1974
1 19554U 88092A   19080.88675213 +.00000106 +00000-0 +00000-0 0  9996
2 19554 069.9159 286.3554 5239769 134.1320 193.2430 02.00777825223099
0 COSMOS 1977
1 19608U 88096A   19080.86928177 -.00000674 +00000-0 +00000-0 0  9999
2 19608 069.1997 229.6558 5273734 122.3532 048.7121 02.00720301222782
0 MOLNIYA 1-75
1 19807U 89014A   19081.24286420  .00000109  00000-0 -11558-1 0  9996
2 19807  64.1441  66.5310 6979450 273.9784  15.7669  2.00564389220351
0 HIPPARCOS
1 20169U 89062B   19081.19177305 -.00000124  00000-0  53246-3 0  9996
2 20169   6.7928 264.8890 7188457 125.9433 322.9815  2.26153978209482
0 COSMOS 2050
1 20330U 89091A   19080.25775950 -.00000635 +00000-0 +00000-0 0  9998
2 20330 065.7857 301.6468 6169565 182.0355 173.2532 02.00684098214757
0 COSMOS 2063
1 20536U 90026A   19080.29414630 -.00000388  00000-0  00000+0 0  9999
2 20536  67.5577 336.8608 5969512 170.6785 209.2962  1.99620338211476
0 COSMOS 2076
1 20596U 90040A   19081.21617019 -.00000660  00000-0  00000+0 0  9993
2 20596  68.7875 329.4103 5654378 160.6107  98.5954  2.00459657211716
0 COSMOS 2087
1 20707U 90064A   19080.38795318 +.00000667 +00000-0 +00000-0 0  9996
2 20707 069.2021 342.0454 5888562 098.9880 328.0728 02.00604044209814
0 CRRES
1 20712U 90065A   19080.55656075  .00000394  00000-0  53803-3 0  9997
2 20712  18.1375   0.2627 7110782 341.1972   2.3530  2.46266248244271
0 MOLNIYA 1-80
1 21118U 91012A   19081.14816610 -.00000538  00000-0 -23078-1 0  9991
2 21118  63.6381 108.7978 6809882 289.1167  12.3746  2.05252950206716
0 MOLNIYA 3-40
1 21196U 91022A   19081.13713774 -.00000042  00000-0  00000+0 0  9991
2 21196  63.8562 101.1957 6831170 286.5423  12.9324  2.03025558205638
0 MOLNIYA 1-81
1 21426U 91043A   19080.67099894  .00000085  00000-0  00000+0 0  9994
2 21426  63.7795 127.4794 6828681 275.2169  16.4555  2.00610061203400
0 MOLNIYA 3-41
1 21706U 91065A   19081.11960378 -.00000474  00000-0  88825-4 0  9992
2 21706  64.3635 292.9244 6932797 269.0549 345.9383  2.04360663202756
0 STTW-5
1 21833U 91088A   19076.29428148 -.00000043  00000-0  00000+0 0  9991
2 21833  32.2173 348.3136 6561505 304.8645  10.0009  2.27643678298940
0 GEOTAIL
1 22049U 92044A   19074.41117254 -.00001250  00000-0  00000+0 0  9990
2 22049  16.1887  62.5897 5644052 145.9459 357.1270  0.19230762 10668
0 MOLNIYA 3-42
1 22178U 92067A   19080.31122733 -.00000031  00000-0  00000+0 0  9998
2 22178  64.5449 359.1213 6880806 282.6643  13.8498  2.20433670198418
0 COSMOS 2222
1 22238U 92081A   19080.06126170 -.00001212  00000-0 -55277-2 0  9994
2 22238  63.2266 104.1580 7268547 198.7453 105.5879  2.00560024192803
0 COSMOS 2232
1 22321U 93006A   19081.02503178 -.00000170  00000-0  00000+0 0  9991
2 22321  67.9629 346.6614 5953770 172.4341 203.8302  2.00348001191556
0 COSMOS 2241
1 22594U 93022A   19081.29862862  .00018778 -55331-6  34891-3 0  9993
2 22594  61.4849 100.5316 5054324  31.8189 350.7192  5.65963313241482
0 ARASENE
1 22654U 93031B   19080.54815286 -.00000111 +00000-0 +00000-0 0  9996
2 22654 000.4949 188.1278 2939783 091.5303 310.9759 01.42205139129816
0 MOLNIYA 1-86
1 22671U 93035A   19081.83016521  .00000005  00000-0  59201-4 0  9999
2 22671  63.0810 200.5124 4858786 350.3041   2.9210  5.62581453285710
0 MOLNIYA 1-87
1 22949U 93079A   19081.52087241  .00000701  00000-0  17897-1 0  9993
2 22949  63.2920 224.8448 7042862 290.6362  10.5586  2.02874421185299
0 VEP
1 22979U 94007B   19079.94074231 +.00000173 +00000-0 +16807-3 0  9991
2 22979 028.3406 220.0206 7259968 249.8367 023.6896 02.25526902206589
0 SJ-4
1 22996U 94010A   19081.19631954  .00000446  00000-0  83808-4 0  9994
2 22996  28.8763  57.4941 5634024 124.7777 301.8190  4.61353754324990
0 STRV 1A
1 23125U 94034B   19079.95608541 +.00000733 +00000-0 +15611-3 0  9997
2 23125 006.9997 161.8858 6598169 081.9471 342.7411 03.18795927247002
0 STRV 1B
1 23126U 94034C   19081.60890019  .00014380  00000-0  85551-3 0  9999
2 23126   7.1838  28.0622 6529308 348.2546   1.8130  3.32055821252548
0 COSMOS 2286
1 23194U 94048A   19079.99516075 -.00000189  00000-0  00000+0 0  9990
2 23194  67.5800 326.5929 6204128 168.0488 219.1316  2.00855652180400
0 ETS 6
1 23230U 94056A   19080.92745441 -.00000130  00000-0  00000+0 0  9992
2 23230  13.7944  81.2741 5068044 150.0321 252.9730  1.67093363150048
0 MOLNIYA 1-88
1 23420U 94081A   19080.01985885 +.00000091 +00000-0 +12953-2 0  9997
2 23420 063.6576 116.5703 6046898 298.3896 014.1446 03.34494969074085
0 MOLNIYA 3-47
1 23642U 95042A   19080.34946251 -.00000983 +00000-0 +15404-1 0  9995
2 23642 063.1344 207.2937 6982472 289.6977 011.1651 02.01977581173125
0 ISO
1 23715U 95062A   19080.12467487 -.00000847  00000-0 -13689-1 0  9996
2 23715   4.9224 331.2159 8355491 291.2861   4.2700  1.02013247 86679
0 POLAR
1 23802U 96013A   19080.30225806 +.00000054 +00000-0 +00000-0 0  9997
2 23802 078.6834 256.6600 6795825 298.5565 009.9776 01.29844736110510
0 CHINASAT 7
1 24282U 96048A   19080.45546581 -.00000193 +00000-0 +00000-0 0  9995
2 24282 021.7853 260.0874 2923117 153.3017 018.3551 01.06658172090501
0 MAGION 5
1 24292U 96050B   19080.74260434 -.00000055 +00000-0 +00000-0 0  9998
2 24292 063.4251 004.0119 5342478 236.9977 019.1817 04.14703469341545
0 INTERBALL AURORA
1 24293U 96050C   19081.13348279 -.00000055  00000-0  00000+0 0  9996
2 24293  63.4231   4.0660 5343954 237.0772  60.2229  4.14712620341734
0 HALCA (MUSES B)
1 24720U 97005A   19080.46664035 -.00000174  00000-0 -62589-3 0  9995
2 24720  31.1158 170.4586 6004054 113.8405 355.4761  3.83022136308211
0 COSMOS 2340
1 24761U 97015A   19076.85473693 -.00000693 +00000-0 +00000-0 0  9999
2 24761 067.2044 015.8510 6361072 187.5091 154.4069 02.00584184160728
0 COSMOS 2342
1 24800U 97022A   19081.44647110  .00000465  00000-0 -13623-2 0  9993
2 24800  64.1142 147.9047 7302793 180.1778 179.3090  1.99526029159646
0 MOLNIYA 1-90
1 24960U 97054A   19080.48661133 +.00000056 +00000-0 +98726-4 0  9993
2 24960 062.8861 096.6228 6420316 298.4361 012.0874 03.18687707170278
0 MAQSAT H
1 25023U 97066A   19080.51924339  .00000039  00000-0  66895-3 0  9993
2 25023   7.8666  17.2222 6501818 124.2629 296.3945  3.10026187241865
0 MAQSAT B
1 25024U 97066B   19081.22185458  .00000034  00000-0  61271-3 0  9992
2 25024   7.9041  16.5175 6518932 124.6044  96.0366  3.08834779241439
0 TEAMSAT
1 25025U 97066C   19080.25142310 -.00000035 +00000-0 -38738-4 0  9991
2 25025 007.9356 043.2417 6511587 071.2498 009.8659 03.07953578053700
0 EQUATOR S
1 25068U 97075B   19077.41344962 -.00000505 +00000-0 +20763-2 0  9997
2 25068 006.4788 319.3384 8240800 231.2860 021.7247 01.07734007083914
0 COMETS
1 25175U 98011A   19080.62790035 -.00000047 +00000-0 -57352-3 0  9997
2 25175 030.1312 260.1479 5286059 352.9707 018.2766 04.38904919346706
0 COSMOS 2351
1 25327U 98027A   19078.91406143 -.00000944  00000-0  00000+0 0  9995
2 25327  66.5071  40.8170 6561372 198.1921 117.9816  2.00463504152877
0 MOLNIYA 1-91
1 25485U 98054A   19081.58895887  .00019209 -59315-6  19746-3 0  9998
2 25485  62.4878   3.0649 7278296 283.0364  11.2136  2.33668907150420
0 MAQSAT/ARIANE 5
1 25503U 98059A   19081.19621184 -.00000060  00000-0  39418-2 0  9991
2 25503   7.1983  78.5884 7012990 172.2693 329.7748  2.24571876167559
0 SEA LAUNCH DEMO
1 25661U 99014A   19080.80665774 -.00000166 +00000-0 +34895-3 0  9990
2 25661 000.9861 256.0073 7160677 142.6281 355.0329 02.23250140163014
0 MOLNIYA 3-50
1 25847U 99036A   19081.26454705  .00000394  00000-0 -15583-2 0  9996
2 25847  62.1184 158.0664 7201928 271.4306  14.8650  2.00656986144377
0 CXO
1 25867U 99040B   19084.60192244  .00000457  00000-0  00000+0 0  9995
2 25867  68.6066 277.2948 7110703 235.8125   0.2753  0.37804376 18493
0 XMM
1 25989U 99066A   19081.83404137 -.00000055  00000-0  00000+0 0  9992
2 25989  70.8384 335.4983 7714990  95.2857 359.8174  0.50138623 24116
0 COSMOS 2368
1 26042U 99073A   19080.41067884 +.00000729 +00000-0 +00000-0 0  9996
2 26042 066.9567 130.8497 6299453 214.6750 080.5170 02.00681531140877
0 FREGAT RB/CLUSTER 2
1 26106U 00015A   19081.37736936  .00000102  00000-0  42680-4 0  9991
2 26106  64.7609 159.1760 5609468  29.3684 353.0075  4.58550533316593
0 IMAGE
1 26113U 00017A   19078.47349525 +.00000345 +00000-0 +14057-1 0  9995
2 26113 094.2268 266.9446 7295291 234.1096 035.1156 01.68648906116875
0 CLUSTER II-FM7
1 26410U 00041A   19084.26679998 -.00000082  00000-0  00000+0 0  9996
2 26410 131.1483 338.2564 4109746 170.4692   0.3503  0.44222863 20359
0 CLUSTER II-FM6
1 26411U 00041B   19084.28044947  .00000000  00000-0  00000+0 0  9998
2 26411 130.5170 339.3861 5100421 178.0319   0.3953  0.44249242 20304
0 CLUSTER II-FM5
1 26463U 00045A   19082.32149761 -.00000059 +00000-0 +00000-0 0  9998
2 26463 134.1139 338.4869 4768039 176.9044 000.3176 00.44239174008519
0 CLUSTER II-FM8
1 26464U 00045B   19080.98312807  .00000038  00000-0  00000+0 0  9997
2 26464 131.1425 338.2326 4110356 170.3542 200.8584  0.44218398 56254
0 DM-F3
1 26476U 00048A   19081.09121626  .00116321  30420-6  43589-4 0  9995
2 26476  27.3494 156.1990 4928167 228.6080  77.1919  5.98147128299863
0 AMSAT OSCAR 40
1 26609U 00072B   19080.50895967 -.00000049  00000-0  00000+0 0  9992
2 26609   7.9956  85.7053 7974506   9.2867 359.3909  1.25587525 84414
0 STRV 1C
1 26610U 00072C   19080.58569402 -.00000273  00000-0  47389-3 0  9998
2 26610   5.9975 172.0258 7341494 246.5714  24.7307  2.03495368136371
0 STRV 1D
1 26611U 00072D   19081.57750955 -.00000011  00000-0  25917-2 0  9996
2 26611   5.9998 172.8204 7343728 245.0607 231.2596  2.03358565136319
0 LRE
1 26898U 01038A   19079.58515840  .00001325  00000-0  15492-3 0  9992
2 26898  28.1552 147.7806 7127500 261.4613  19.1833  2.49793149152793
0 MDS 1
1 27367U 02003A   19080.83978249  .00013283  00000-0  61851-3 0  9999
2 27367  28.6074 266.9764 5182098 259.1474  40.8965  5.40208555229413
0 DASH/VEP 3
1 27368U 02003B   19080.77110430  .00000020  00000-0  38109-3 0  9998
2 27368  28.6672 134.2169 7161440 189.0184 142.7985  2.33125381144035
0 INTEGRAL
1 27540U 02048A   19079.77226782  .00000643  00000-0  00000+0 0  9991
2 27540  49.2507 150.1013 8725229 275.8140   4.0120  0.37595140 16693
0 DOUBLESTAR (TC-2)
1 28382U 04029A   19081.73981724  .00009739 -46849-6  66257-3 0  9993
2 28382  87.3724 285.6327 7262813 330.0208   3.4609  2.33297123116310
0 DELTA 4 DEMO SPACECRAFT
1 28500U 04050A   19080.59658602 -.00000151 +00000-0 +00000-0 0  9991
2 28500 016.4500 020.6978 2769150 213.3551 351.3693 01.41309496073518
0 SLOSHSAT
1 28544U 05005C   19079.55695335  .00000945  00000-0  26398-3 0  9999
2 28544   6.6867 185.4443 7095741 295.5809   9.4341  2.50918899122858
0 MAQSAT/ARIANE 5
1 28545U 05005D   19080.92074949  .00000628  00000-0  17608-3 0  9997
2 28545   6.6840 212.8545 7131356 242.5802  30.1009  2.46933210121351
0 COSMOS 2422
1 29260U 06030A   19081.58209211 -.00001376  00000-0  00000+0 0  9992
2 29260  63.7520 119.2873 7448381 241.7281  38.2895  2.00805023 92821
0 MERIDIAN 1
1 29668U 06061A   19080.83262651 -.00000232  00000-0 -41906-3 0  9997
2 29668  63.6625   3.6031 7447729 233.8155  33.0301  2.00644521 89653
0 THEMIS A
1 30580U 07004A   19081.55213417 -.00000531  00000-0  00000+0 0  9993
2 30580   8.8473 109.3613 8363740 279.5786   5.2668  0.87837333 42720
0 THEMIS D
1 30797U 07004D   19081.53793684 -.00000630  00000-0  00000+0 0  9990
2 30797   6.6786  64.1645 8535985 331.7011   0.5727  0.75221410 42757
0 THEMIS E
1 30798U 07004E   19079.90742028 -.00000593  00000-0  00000+0 0  9993
2 30798   5.9843  86.3366 8406662 309.6157   2.1201  0.81732767 42871
0 SPIRALE A
1 33751U 09008C   19081.49080916  .00000051  00000-0  27172-3 0  9990
2 33751   2.0504 275.1604 5421897 211.0545 100.3544  4.58701873140398
0 SPIRALE B
1 33752U 09008D   19081.61517787  .00009764  00000-0  15002-2 0  9994
2 33752   2.1089  23.9427 6937978 341.4327   2.4551  2.73579266 92333
0 MERIDIAN 2
1 35008U 09029A   19079.70898708  .00000048  00000-0  10000-3 0  9995
2 35008  63.5393 291.8761 7244915 249.7738  23.7951  2.24537071 80469
0 COSMOS 2469
1 37170U 10049A   19081.51009584 -.00000938  00000-0  00000+0 0  9993
2 37170  64.7340 182.8507 6940250 256.1350 275.8578  2.00637849 62080
0 EUTELSAT W3B
1 37206U 10056A   19080.76048486 +.00000264 +00000-0 +10941-3 0  9991
2 37206 002.2939 275.5954 7115546 354.7791 000.5810 02.48378819073382
0 MERIDIAN 3
1 37212U 10058A   19081.58727177 -.00000130  00000-0  10000-3 0  9991
2 37212  63.5985 355.1461 7009884 274.0485 223.4502  2.00621409 61429
0 MERIDIAN 4
1 37398U 11018A   19080.52129448  .00000140  00000-0  10000-3 0  9993
2 37398  64.3922  94.1502 7084509 257.3605 336.5399  2.00621820 57720
0 TACSAT 4
1 37818U 11052A   19079.49772044 +.00000499 +00000-0 +84027-3 0  9995
2 37818 063.2146 068.4074 4585018 219.6933 333.8516 06.02751197164495
0 RBSP A
1 38752U 12046A   19080.64442654 +.00000036 +00000-0 +12627-3 0  9991
2 38752 009.8104 255.5315 6928686 355.1305 000.5141 02.71006255064124
0 RBSP B
1 38753U 12046B   19080.48679448 +.00002561 +00000-0 +48116-3 0  9994
2 38753 010.0026 269.3775 6970736 328.4386 004.0518 02.68978059063582
0 MERIDIAN 6
1 38995U 12063A   19081.10934079  .00000047  00000-0  10000-3 0  9993
2 38995  65.4492 269.5700 6640560 271.6018  47.8965  2.00602104 46517
0 MERIDIAN 7
1 40296U 14069A   19081.37715712  .00000314  00000-0  00000+0 0  9990
2 40296  62.8705 172.3381 6791183 274.1848  68.8513  2.00614747 32181
0 MMS 1
1 40482U 15011A   19074.83314067 -.00000758  00000-0  00000+0 0  9999
2 40482   6.8741 110.8164 9113478  18.9041   0.8522  0.28405390  9909
0 MMS 2
1 40483U 15011B   19074.83022541 -.00000756  00000-0  00000+0 0  9991
2 40483   6.8769 110.8426 9111258  18.8614   0.6019  0.28453650  9888
0 MMS 3
1 40484U 15011C   19067.83707640 -.00000711  00000-0  00000+0 0  9995
2 40484   6.4981 110.2485 9112896  19.2109   1.4618  0.28550540  9861
0 MMS 4
1 40485U 15011D   19078.34299272 -.00000362  00000-0  00000+0 0  9993
2 40485   6.9586 111.0140 9117605  18.5879   1.3404  0.28871138  9887
0 COSMOS 2510
1 41032U 15066A   19081.46540478 -.00000974  00000-0  00000+0 0  9995
2 41032  63.2664 303.6970 7105620 269.4113  13.7477  2.00611512 24490
0 ARASE (ERG)
1 41896U 16080A   19079.79455836 -.00000242 +00000-0 +32019-3 0  9993
2 41896 031.7866 328.9673 7015704 248.2753 027.3853 02.53708942020813
0 COSMOS 2518
1 42719U 17027A   19080.97326910 -.00000536  00000-0  00000+0 0  9999
2 42719  63.3431 218.0649 6735105 267.5524 197.0369  2.00666833 13354
0 PODSAT
1 43229U 18023B   19080.53279666 +.00033354 -28987-6 +30238-3 0  9994
2 43229 026.8529 163.6889 6098064 278.0332 021.0963 04.00090042022906
0 BERESHEET
1 44049U 19009B   19079.85416667 -.00057171  00000-0  00000+0 0  9990
2 44049  25.0088  10.5463 9637541 181.7585  43.0154  0.08972053   129
0 WGS 10 (USA 291)
1 44071U 19014A   19081.69672537 -.00000221  00000-0  00000+0 0  9990
2 44071   5.2474   6.6590 4477670 181.3957 355.6071  1.29602267   120
