0 IRIDIUM 7
1 24793U 97020B   19081.41184726  .00000076  00000-0  19939-4 0  9993
2 24793  86.3966  50.1319 0002263  84.7849 275.3605 14.34270769145390
0 IRIDIUM 5
1 24795U 97020D   19081.41201758  .00000257  00000-0  25562-4 0  9990
2 24795  86.3998  34.4869 0136905 259.2943  99.2839 14.80057641147709
0 IRIDIUM 4
1 24796U 97020E   19081.53011714  .00000052  00000-0  11415-4 0  9990
2 24796  86.3961  48.4941 0002224  88.4446 334.4932 14.35196221145571
0 IRIDIUM 914
1 24836U 97030A   19081.49068850  .00000090  00000-0  22864-4 0  9996
2 24836  86.3916  63.5406 0003306 120.1820 239.9706 14.38866213141440
0 IRIDIUM 16
1 24841U 97030F   19081.50615129  .00000099  00000-0  26759-4 0  9997
2 24841  86.3994  80.5947 0002636  33.0128 327.1233 14.36820037139959
0 IRIDIUM 911
1 24842U 97030G   19081.55266195  .00000099  00000-0  22442-4 0  9993
2 24842  86.4421  80.9798 0016567 111.3348 248.9624 14.45088371145853
0 IRIDIUM 17
1 24870U 97034B   19081.55577122  .00000095  00000-0  25878-4 0  9995
2 24870  86.3923 110.6227 0000554  98.1976 261.9284 14.35869363136490
0 IRIDIUM 920
1 24871U 97034C   19081.56161985  .00000090  00000-0  22537-4 0  9997
2 24871  86.3927  95.2544 0012874  33.3554 326.8454 14.39579869138907
0 IRIDIUM 921
1 24873U 97034E   19081.52053659  .00001084  00000-0  60579-4 0  9995
2 24873  86.3905 121.6936 0008842 147.0651 213.1140 15.12299042185293
0 IRIDIUM 26
1 24903U 97043A   19081.28489582  .00000102  00000-0  28725-4 0  9997
2 24903  86.4004 345.5621 0002198  83.0187 277.1259 14.35350349130212
0 IRIDIUM 46
1 24905U 97043C   19081.67027829  .00110206  26464-5  31215-3 0  9995
2 24905  86.3658 312.9510 0121031 240.9398 117.9714 15.82005312134591
0 IRIDIUM 22
1 24907U 97043E   19081.44461364  .00000100  00000-0  28622-4 0  9991
2 24907  86.4009 347.2762 0002226  88.4196 271.7254 14.34288972130033
0 IRIDIUM 29
1 24944U 97051A   19081.32243892  .00000008  00000-0 -42703-5 0  9997
2 24944  86.4006  17.8811 0002163  89.6605 270.4839 14.34699100126640
0 IRIDIUM 32
1 24945U 97051B   19069.51667833  .21575699 -12702-5  24766-3 0  9990
2 24945  86.3529  20.3101 0050471  74.5146 287.5413 16.44386180125289
0 IRIDIUM 33
1 24946U 97051C   19081.30730006  .00000085  00000-0  23523-4 0  9997
2 24946  86.3924  17.5637 0006411 320.7510  39.3220 14.33637737126178
0 IRIDIUM 28
1 24948U 97051E   19081.32973005  .00000098  00000-0  27090-4 0  9996
2 24948  86.4014  16.7252 0002067  77.9752 282.1676 14.35651477126854
0 IRIDIUM 36
1 24967U 97056C   19081.44975830  .00000087  00000-0  23144-4 0  9997
2 24967  86.3976  48.3318 0002060  92.2666 267.8767 14.35707911125150
0 IRIDIUM 39
1 25042U 97069D   19081.54697321  .00000112  00000-0  25673-4 0  9991
2 25042  86.3877 104.7562 0018056 340.0834  19.9662 14.46297939119706
0 IRIDIUM 38
1 25043U 97069E   19081.55563744  .00000090  00000-0  24063-4 0  9991
2 25043  86.3921 109.4567 0002347  53.7452 306.3961 14.36135633119069
0 IRIDIUM 42
1 25077U 97077A   19081.52651901  .00000106  00000-0  30455-4 0  9997
2 25077  86.3930 112.9576 0002273  78.5926 281.5525 14.34546702114419
0 IRIDIUM 44
1 25078U 97077B   19081.51713433  .00000094  00000-0  24400-4 0  9995
2 25078  86.3914 100.8933 0001551  37.7087 322.4220 14.38240153116096
0 IRIDIUM 45
1 25104U 97082A   19081.32758062  .00000148  00000-0  45946-4 0  9995
2 25104  86.4003  18.3768 0002400  68.2755 291.8696 14.34219647112553
0 IRIDIUM 24
1 25105U 97082B   19081.19689330  .00000104  00000-0  26755-4 0  9991
2 25105  86.3920 323.8777 0012733  36.6235 323.5831 14.39969221115380
0 IRIDIUM 54
1 25171U 98010C   19081.52457341 -.00000038  00000-0 -19126-4 0  9990
2 25171  86.4176  81.5313 0002051  90.6109 269.5324 14.38604159104214
0 IRIDIUM 51
1 25262U 98018A   19081.38659655  .00000514  00000-0  34485-4 0  9997
2 25262  86.4019  31.6883 0205518 208.5985 150.3848 14.88435177105995
0 IRIDIUM 61
1 25263U 98018B   19081.45819048  .00000010  00000-0 -33363-5 0  9997
2 25263  86.4235  50.0591 0003505  85.2863 274.8735 14.38610961 99264
0 IRIDIUM 55
1 25272U 98019A   19081.88732654  .02517602 -15632-5  79483-3 0  9997
2 25272  86.7084  17.5388 0347342 154.8977 206.9643 15.59024830 98654
0 IRIDIUM 57
1 25273U 98019B   19081.31346562  .00000090  00000-0  25057-4 0  9997
2 25273  86.4013  18.5006 0002188  89.3994 270.7453 14.34334754 98254
0 IRIDIUM 58
1 25274U 98019C   19081.52097737  .00000291  00000-0  33970-4 0  9994
2 25274  86.4249  18.5824 0099487 176.9637 183.2210 14.77133064 98526
0 IRIDIUM 59
1 25275U 98019D   19070.42134782  .39186907 -16954-5  23435-3 0  9990
2 25275  86.4963  21.8254 0038973 104.7344  44.4092 16.51404550 96889
0 IRIDIUM 60
1 25276U 98019E   19076.09838740  .20703913 -20185-5  27553-3 0  9993
2 25276  86.6001  19.3692 0055885 123.4760   3.9128 16.42359298 97670
0 IRIDIUM 63
1 25286U 98021B   19081.27892068  .00000093  00000-0  25782-4 0  9994
2 25286  86.3981 315.5175 0002245  91.8012  22.0658 14.34765163 97257
0 IRIDIUM 64
1 25287U 98021C   19081.82857025  .02498140 -15394-5  11298-2 0  9999
2 25287  86.4259 314.5399 0370803 162.9776 198.4333 15.52081913 97432
0 IRIDIUM 69
1 25319U 98026A   19081.23928556  .00000110  00000-0  29384-4 0  9996
2 25319  86.4016 335.2057 0001806  26.6671 333.4620 14.38786320 95495
0 IRIDIUM 71
1 25320U 98026B   19081.32386556  .00000108  00000-0  28565-4 0  9993
2 25320  86.3992 330.7492 0003709  58.9259 301.2303 14.39186814 95962
0 IRIDIUM 73
1 25344U 98032C   19081.57208860  .00000094  00000-0  19222-4 0  9998
2 25344  86.4383 291.0029 0002835  86.5099 273.6429 14.49165614100724
0 IRIDIUM 82
1 25467U 98051A   19081.53053159  .00000583  00000-0  41726-4 0  9997
2 25467  86.3958  86.8761 0178012 256.6630 101.4696 14.90288365 82629
0 IRIDIUM 2
1 25527U 98066A   19081.27815363  .00001106  00000-0  52660-4 0  9995
2 25527  85.5337  12.2076 0006721 236.7638 123.2959 15.17910135115385
0 IRIDIUM 14
1 25777U 99032A   19074.08354465  .24198670 -21513-5  30975-3 0  9999
2 25777  86.6237 317.2805 0065381 126.3710 235.2347 16.40952513 46070
0 IRIDIUM 91
1 27372U 02005A   19072.23071266  .25300053 -14789-5  31691-3 0  9990
2 27372  86.5521  20.3199 0048647  89.1819 272.4669 16.44040915902820
0 IRIDIUM 95
1 27375U 02005D   19081.82476649  .04109346 -17023-5  56252-3 0  9995
2 27375  86.6122  17.2685 0191816 128.5286 233.3374 15.99142749903310
0 IRIDIUM 96
1 27376U 02005E   19081.34242335  .00018187 -99863-6  14423-3 0  9991
2 27376  86.3761  17.7882 0219025 229.1306 129.0794 15.45481547912674
0 IRIDIUM 97
1 27450U 02031A   19081.45191724  .00000012  00000-0 -24736-5 0  9997
2 27450  86.4224  50.0877 0002089  88.0351 272.1086 14.38602547882595
0 IRIDIUM 106
1 41917U 17003A   19081.56632311  .00000084  00000-0  22993-4 0  9990
2 41917  86.3935 113.2743 0001899  83.2292 276.9120 14.34220821114293
0 IRIDIUM 103
1 41918U 17003B   19081.55364433  .00000089  00000-0  24865-4 0  9992
2 41918  86.3935 113.1884 0002652  83.3364 276.8134 14.34218798114326
0 IRIDIUM 109
1 41919U 17003C   19081.55997054  .00000092  00000-0  25864-4 0  9998
2 41919  86.3936 113.2014 0002330  89.9876 270.1587 14.34217045114308
0 IRIDIUM 102
1 41920U 17003D   19081.52827589  .00000090  00000-0  24932-4 0  9995
2 41920  86.3934 113.1951 0002508  93.6921 266.4562 14.34217686114365
0 IRIDIUM 105
1 41921U 17003E   19081.49927849  .00000052  00000-0  11552-4 0  9994
2 41921  86.3931  81.5493 0001780  49.8342 310.3009 14.34222065116211
0 IRIDIUM 104
1 41922U 17003F   19081.54094027  .00000088  00000-0  24348-4 0  9990
2 41922  86.3936 113.1918 0002066  81.5773 278.5657 14.34220353114355
0 IRIDIUM 114
1 41923U 17003G   19081.54729497  .00000099  00000-0  28421-4 0  9995
2 41923  86.3936 113.1802 0002077  98.3924 261.7507 14.34216373114359
0 IRIDIUM 108
1 41924U 17003H   19081.50581367  .00000051  00000-0  11296-4 0  9994
2 41924  86.3925  81.5986 0001791  85.2246 274.9154 14.34218309116204
0 IRIDIUM 112
1 41925U 17003J   19081.53460315  .00000087  00000-0  24074-4 0  9994
2 41925  86.3932 113.1531 0002335 104.2789 255.8666 14.34218783114389
0 IRIDIUM 111
1 41926U 17003K   19081.52192906  .00000085  00000-0  23337-4 0  9991
2 41926  86.3933 113.1717 0002454  83.9796 276.1679 14.34216955114402
0 IRIDIUM 113
1 42803U 17039A   19081.29258098  .00000095  00000-0  26743-4 0  9999
2 42803  86.4016 346.8869 0002382  73.4127 286.7330 14.34219111 92239
0 IRIDIUM 123
1 42804U 17039B   19081.33405770  .00000075  00000-0  19846-4 0  9990
2 42804  86.4017  18.4421 0002407  84.1655 275.9815 14.34219407 91000
0 IRIDIUM 120
1 42805U 17039C   19081.28623991  .00000091  00000-0  25257-4 0  9993
2 42805  86.4005 347.0145 0002357  70.5382 289.6069 14.34219536 92223
0 IRIDIUM 115
1 42806U 17039D   19081.25638853  .00000096  00000-0  22622-4 0  9992
2 42806  86.4544 346.7478 0004407 111.6670 248.5001 14.43279317 92911
0 IRIDIUM 118
1 42807U 17039E   19081.36576825  .00000069  00000-0  17487-4 0  9998
2 42807  86.4018  18.4378 0002467  94.2023 265.9454 14.34219429 91015
0 IRIDIUM 117
1 42808U 17039F   19081.31505596  .00000075  00000-0  19897-4 0  9995
2 42808  86.4017  18.4397 0002032  69.0680 291.0733 14.34217685 91037
0 IRIDIUM 126
1 42809U 17039G   19081.34039961  .00000070  00000-0  18109-4 0  9997
2 42809  86.4018  18.4393 0002222  82.6754 277.4695 14.34219159 91010
0 IRIDIUM 124
1 42810U 17039H   19081.19274982  .00000097  00000-0  22799-4 0  9995
2 42810  86.4482 315.3002 0000282  53.4660 306.6567 14.43607592 93757
0 IRIDIUM 128
1 42811U 17039J   19081.40090171  .00000113  00000-0  33190-4 0  9992
2 42811  86.3972  49.9669 0003061  71.9419 288.2110 14.34215482 91047
0 IRIDIUM 121
1 42812U 17039K   19081.35944477  .00000077  00000-0  20260-4 0  9997
2 42812  86.4018  18.4448 0002345  83.7160 276.4303 14.34217781 91007
0 IRIDIUM 133
1 42955U 17061A   19081.43262242  .00000062  00000-0  15056-4 0  9993
2 42955  86.3974  50.0097 0002702  79.8854 280.2647 14.34217968 75845
0 IRIDIUM 100
1 42956U 17061B   19081.42627098  .00000062  00000-0  15206-4 0  9994
2 42956  86.3972  49.9942 0002155  85.0877 275.0565 14.34219415 75868
0 IRIDIUM 122
1 42957U 17061C   19081.46433960  .00000062  00000-0  15119-4 0  9995
2 42957  86.3973  49.9735 0002857  74.0517 286.0994 14.34217878 75856
0 IRIDIUM 129
1 42958U 17061D   19081.41994319  .00000063  00000-0  15435-4 0  9993
2 42958  86.3974  50.0300 0002606  79.5479 280.6011 14.34217475 75862
0 IRIDIUM 119
1 42959U 17061E   19081.45798897  .00000049  00000-0  10351-4 0  9997
2 42959  86.3973  49.9967 0002690  82.3385 277.8116 14.34215793 75886
0 IRIDIUM 107
1 42960U 17061F   19081.40724812  .00000062  00000-0  14988-4 0  9995
2 42960  86.3974  50.0228 0002217  82.8357 277.3091 14.34219303 75890
0 IRIDIUM 132
1 42961U 17061G   19081.41358961  .00000068  00000-0  17231-4 0  9995
2 42961  86.3973  50.0134 0002160  74.9245 285.2189 14.34215537 75881
0 IRIDIUM 136
1 42962U 17061H   19081.44530641  .00000070  00000-0  17920-4 0  9994
2 42962  86.3974  49.9994 0002684  85.6471 274.5032 14.34219253 75905
0 IRIDIUM 139
1 42963U 17061J   19081.45164768  .00000049  00000-0  10464-4 0  9991
2 42963  86.3975  50.0159 0002317  80.9772 279.1686 14.34215935 75918
0 IRIDIUM 125
1 42964U 17061K   19081.43895769  .00000042  00000-0  78274-5 0  9999
2 42964  86.3976  50.0345 0002245  82.8996 277.2455 14.34215731 75924
0 IRIDIUM 135
1 43070U 17083A   19081.27353711  .00000093  00000-0  26219-4 0  9997
2 43070  86.4011 346.9060 0001713  95.7566 264.3825 14.34220540 65190
0 IRIDIUM 138
1 43071U 17083B   19081.36869324  .00000093  00000-0  26300-4 0  9991
2 43071  86.4001 346.8229 0002301  82.4166 277.7291 14.34218103 65196
0 IRIDIUM 116
1 43072U 17083C   19081.26720509  .00000088  00000-0  24492-4 0  9996
2 43072  86.4010 346.9255 0002265  92.3581 267.7874 14.34215777 65210
0 IRIDIUM 130
1 43073U 17083D   19081.44481572  .00000086  00000-0  23544-4 0  9996
2 43073  86.4018 346.8667 0002298  85.5557 274.5901 14.34218389 65183
0 IRIDIUM 151
1 43074U 17083E   19081.41944180  .00000081  00000-0  21856-4 0  9992
2 43074  86.4011 346.8588 0002342  95.1013 265.0450 14.34217302 65204
0 IRIDIUM 134
1 43075U 17083F   19081.24818229  .00000091  00000-0  25510-4 0  9990
2 43075  86.4012 346.9009 0001928  77.9048 282.2363 14.34218990 65141
0 IRIDIUM 137
1 43076U 17083G   19081.26086932  .00000091  00000-0  25382-4 0  9998
2 43076  86.4014 346.9409 0002423  97.2180 262.9291 14.34218017 65214
0 IRIDIUM 141
1 43077U 17083H   19081.25452591  .00000091  00000-0  25526-4 0  9996
2 43077  86.4010 346.9186 0002418  87.2607 272.8865 14.34219334 65210
0 IRIDIUM 153
1 43078U 17083J   19081.55555507  .00000100  00000-0  28533-4 0  9993
2 43078  86.3962 315.1988 0003173  75.8612 284.2936 14.34218477 66362
0 IRIDIUM 131
1 43079U 17083K   19081.52091787  .00000100  00000-0  28574-4 0  9991
2 43079  86.4015 346.8165 0002249  81.1577 278.9873 14.34217030 65187
0 IRIDIUM 144
1 43249U 18030A   19081.56189296  .00000084  00000-0  22839-4 0  9999
2 43249  86.3960 315.2037 0001688  79.4092 280.7294 14.34218367 51244
0 IRIDIUM 149
1 43250U 18030B   19081.56822714  .00000083  00000-0  22731-4 0  9990
2 43250  86.3960 315.1965 0001516  85.3605 274.7764 14.34217687 51240
0 IRIDIUM 157
1 43251U 18030C   19081.58727233  .00000086  00000-0  23741-4 0  9998
2 43251  86.3961 315.1826 0002578  92.4587 267.6904 14.34217377 51226
0 IRIDIUM 140
1 43252U 18030D   19081.18767701  .00000087  00000-0  24069-4 0  9994
2 43252  86.3962 315.3632 0001181  51.5056 308.6245 14.34218363 51221
0 IRIDIUM 145
1 43253U 18030E   19081.38429405  .00000086  00000-0  23597-4 0  9997
2 43253  86.3962 315.2647 0000909 137.2736 222.8531 14.34219178 51186
0 IRIDIUM 146
1 43254U 18030F   19081.57457315  .00000088  00000-0  24480-4 0  9994
2 43254  86.3961 315.2028 0001707  97.1190 263.0200 14.34217858 51222
0 IRIDIUM 148
1 43255U 18030G   19081.19400095  .00000083  00000-0  22523-4 0  9997
2 43255  86.3967 315.3671 0002489  89.5715 270.5766 14.34216986 51210
0 IRIDIUM 142
1 43256U 18030H   19081.58092377  .00000088  00000-0  24386-4 0  9995
2 43256  86.3959 315.1924 0002030  89.4825 270.6603 14.34218410 51220
0 IRIDIUM 150
1 43257U 18030J   19081.33989127  .00000068  00000-0  17252-4 0  9999
2 43257  86.3962 315.3242 0001973  83.3384 276.8036 14.34216080 51238
0 IRIDIUM 143
1 43258U 18030K   19081.18132982  .00000086  00000-0  23758-4 0  9990
2 43258  86.3966 315.3732 0001281  99.4688 260.6652 14.34219245 51156
0 IRIDIUM 161
1 43478U 18047C   19081.51477987  .00000080  00000-0  17845-4 0  9990
2 43478  86.4457 113.3411 0002545  86.3129 273.8362 14.43279934 43825
0 IRIDIUM 152
1 43479U 18047D   19081.57266140  .00000082  00000-0  22306-4 0  9994
2 43479  86.3930 113.1951 0002222 100.5348 259.6098 14.34219613 43581
0 IRIDIUM 147
1 43480U 18047E   19081.57900398  .00000083  00000-0  22716-4 0  9992
2 43480  86.3932 113.1527 0002548  92.1094 268.0394 14.34219183 43573
0 IRIDIUM 110
1 43481U 18047F   19081.51557629  .00000043  00000-0  83640-5 0  9992
2 43481  86.3934 113.2002 0001975  85.0462 275.0959 14.34216164 43557
0 IRIDIUM 162
1 43482U 18047G   19081.57780846  .00000089  00000-0  20432-4 0  9997
2 43482  86.4455 113.2427 0002463  82.3667 277.7814 14.43281033 43824
0 IRIDIUM 160
1 43569U 18061A   19081.53118989  .00000040  00000-0  73889-5 0  9990
2 43569  86.3927  81.5387 0002416  95.5154 264.6318 14.34218127 34457
0 IRIDIUM 166
1 43570U 18061B   19081.48678307  .00000043  00000-0  84358-5 0  9997
2 43570  86.3926  81.5442 0001981  87.4783 272.6640 14.34216930 34473
0 IRIDIUM 158
1 43571U 18061C   19081.52484616  .00000046  00000-0  93450-5 0  9997
2 43571  86.3926  81.5352 0002026  97.6570 262.4855 14.34218180 34454
0 IRIDIUM 165
1 43572U 18061D   19081.55021485  .00000043  00000-0  83901-5 0  9999
2 43572  86.3928  81.5228 0002035  95.4751 264.6677 14.34217006 34470
0 IRIDIUM 155
1 43573U 18061E   19081.51215661  .00000045  00000-0  90547-5 0  9993
2 43573  86.3925  81.5335 0002272  69.4483 290.6956 14.34216721 34442
0 IRIDIUM 154
1 43574U 18061F   19081.49312933  .00000032  00000-0  44003-5 0  9993
2 43574  86.3928  81.5500 0002497  96.1374 264.0106 14.34217049 34485
0 IRIDIUM 163
1 43575U 18061G   19081.54387006  .00000038  00000-0  64774-5 0  9996
2 43575  86.3926  81.5240 0001708 108.5872 251.5509 14.34218573 34469
0 IRIDIUM 156
1 43576U 18061H   19081.51850701  .00000042  00000-0  78071-5 0  9991
2 43576  86.3925  81.5389 0001801  85.8585 274.2817 14.34216465 34445
0 IRIDIUM 164
1 43577U 18061J   19081.49949443  .00000043  00000-0  84124-5 0  9998
2 43577  86.3927  81.5472 0002250  96.5424 263.6028 14.34217437 34492
0 IRIDIUM 159
1 43578U 18061K   19081.53752405  .00000043  00000-0  81735-5 0  9999
2 43578  86.3925  81.5236 0002345  93.9826 266.1638 14.34217177 34464
0 IRIDIUM 180
1 43922U 19002A   19081.32771362  .00000063  00000-0  15604-4 0  9991
2 43922  86.4017  18.4273 0002792 116.1307 244.0176 14.34219344 10080
0 IRIDIUM 176
1 43923U 19002B   19081.35107817  .00000129  00000-0  16478-4 0  9996
2 43923  86.6150  18.4329 0002083  85.3669 274.7786 14.72248994 10266
0 IRIDIUM 168
1 43924U 19002C   19081.32138827  .00000055  00000-0  12749-4 0  9994
2 43924  86.4020  18.4325 0002383  93.7524 266.3944 14.34217467 10029
0 IRIDIUM 173
1 43925U 19002D   19081.37847098  .00000065  00000-0  16108-4 0  9991
2 43925  86.4016  18.4048 0002234  90.7998 269.3454 14.34217755 10023
0 IRIDIUM 169
1 43926U 19002E   19081.36812020  .00000052  00000-0  10973-4 0  9998
2 43926  87.4083  23.5564 0004626  60.3757 299.7902 14.38613734 10129
0 IRIDIUM 172
1 43927U 19002F   19081.37210816  .00000065  00000-0  16037-4 0  9996
2 43927  86.4016  18.4070 0002299  95.5475 264.5983 14.34219445 10026
0 IRIDIUM 175
1 43928U 19002G   19081.34488103  .00000127  00000-0  16264-4 0  9991
2 43928  86.6134  18.4166 0003363  72.0106 288.1477 14.72259094 10251
0 IRIDIUM 171
1 43929U 19002H   19081.35309742  .00000065  00000-0  16227-4 0  9994
2 43929  86.4026  18.4274 0002357  92.1060 268.0406 14.34218539 10014
0 IRIDIUM 170
1 43930U 19002J   19081.35725141  .00000136  00000-0  17706-4 0  9993
2 43930  86.6150  18.4380 0002343  74.2147 285.9328 14.72249104 10279
0 IRIDIUM 167
1 43931U 19002K   19081.34675535  .00000052  00000-0  11430-4 0  9999
2 43931  86.4017  18.4169 0002782 111.4832 248.6661 14.34217657 10011
