0 NTS 2
1 10091U 77053A   19081.31862810 -.00000075  00000-0  00000+0 0  9993
2 10091  64.5412   3.6464 0062136 228.6000 261.2387  2.00458394305679
0 OPS 5111 (NAVSTAR 1)
1 10684U 78020A   19081.44850694  .00000037  00000-0  00000+0 0  9994
2 10684  62.8938 132.8640 0079056 203.2197 156.5045  1.98073380284056
0 OPS 5112 (NAVSTAR 2)
1 10893U 78047A   19080.50096435 -.00000070  00000-0  00000+0 0  9994
2 10893  64.2508 357.3701 0476351  48.9905 175.7606  2.01627431300400
0 OPS 5113 (NAVSTAR 3)
1 11054U 78093A   19080.81551086 -.00000078  00000-0  00000+0 0  9995
2 11054  64.0484  17.5994 0089183 231.8350  37.0361  1.93503292289503
0 OPS 5114 (NAVSTAR 4)
1 11141U 78112A   19080.77136610 +.00000037 +00000-0 +00000-0 0  9996
2 11141 062.5946 148.7160 0117725 033.9175 061.7660 01.92895378178082
0 OPS 5117 (NAVSTAR 5)
1 11690U 80011A   19080.80357948 +.00000045 +00000-0 +00000-0 0  9998
2 11690 063.3243 130.5698 0462510 197.4223 162.7516 02.00568721300695
0 OPS 5118 (NAVSTAR 6)
1 11783U 80032A   19081.07917172 -.00000054  00000-0  00000+0 0  9995
2 11783  63.4241 337.5114 0519605  59.4781 230.0336  2.03456284287958
0 COSMOS 1413 (GLONASS)
1 13603U 82100A   19080.46665068  .00000028  00000-0  00000+0 0  9992
2 13603  63.9841 158.9746 0006930  10.1977  58.5651  2.13866813284630
0 COSMOS 1414 (GLONASS)
1 13606U 82100D   19081.55288840  .00000024  00000-0  00000+0 0  9991
2 13606  63.9811 162.5253 0072559  23.1899  36.4163  2.13104092283648
0 COSMOS 1415 (GLONASS)
1 13607U 82100E   19080.05822669  .00000028  00000-0  00000+0 0  9993
2 13607  63.9652 158.9513 0003892  12.0821 275.0872  2.13810383284541
0 OPS 9794 (NAVSTAR 8)
1 14189U 83072A   19079.55912793  .00000041  00000-0  00000+0 0  9994
2 14189  62.2173 145.5055 0172428  40.7971  17.7845  1.91719289176084
0 COSMOS 1490 (GLONASS)
1 14258U 83084A   19081.26552243  .00000025  00000-0  00000+0 0  9997
2 14258  64.0725 163.8168 0015887 359.8277  35.5999  2.13102795277195
0 COSMOS 1491 (GLONASS)
1 14259U 83084B   19080.87043920 +.00000033 +00000-0 +00000-0 0  9991
2 14259 063.9758 151.7698 0022882 320.7045 340.2332 02.15434960279167
0 COSMOS 1492 (GLONASS)
1 14260U 83084C   19080.87072031  .00000024  00000-0  00000+0 0  9997
2 14260  64.0630 165.2653 0001391 315.4996 316.6867  2.12758929276730
0 COSMOS 1519 (GLONASS)
1 14590U 83127A   19081.83786049 -.00000031  00000-0  00000+0 0  9998
2 14590  66.2075  55.2349 0010990 196.9318 351.0241  2.13100106214873
0 COSMOS 1520 (GLONASS)
1 14591U 83127B   19080.83586648 -.00000028  00000-0  00000+0 0  9997
2 14591  66.2009  55.1777 0022366 179.9162 342.3420  2.13102729214856
0 COSMOS 1521 (GLONASS)
1 14592U 83127C   19080.64690015 -.00000033  00000-0  00000+0 0  9997
2 14592  66.2252  51.7480 0058346 200.4512   9.5450  2.13837383275141
0 COSMOS 1554 (GLONASS)
1 14977U 84047A   19081.32224791 -.00000031  00000-0  00000+0 0  9994
2 14977  66.1872  54.3816 0016100 234.4717 240.6851  2.13101574243192
0 COSMOS 1555 (GLONASS)
1 14978U 84047B   19080.72271182 -.00000029 +00000-0 +00000-0 0  9992
2 14978 066.1855 054.8642 0011690 192.9060 169.0777 02.13101039243157
0 COSMOS 1556 (GLONASS)
1 14979U 84047C   19080.88481295 -.00000028 +00000-0 +00000-0 0  9997
2 14979 066.1811 055.7809 0009085 205.8462 358.5762 02.12913077270791
0 NAVSTAR 9 (USA 1)
1 15039U 84059A   19081.25311394  .00000037  00000-0  00000+0 0  9990
2 15039  62.2663 141.3190 0196102  36.8062  47.9203  1.92303282247286
0 COSMOS 1593 (GLONASS)
1 15259U 84095A   19080.70073140 +.00000025 +00000-0 +00000-0 0  9995
2 15259 064.0796 163.8137 0023227 206.8098 252.8159 02.13104760222028
0 COSMOS 1594 (GLONASS)
1 15260U 84095B   19080.87072031  .00000024  00000-0  00000+0 0  9991
2 15260  64.0387 165.2291 0006301 189.4884  81.9447  2.12637172268282
0 COSMOS 1595 (GLONASS)
1 15261U 84095C   19080.70200153 +.00000026 +00000-0 +00000-0 0  9995
2 15261 063.9949 162.5151 0044301 209.8559 139.4279 02.13103697243161
0 NAVSTAR 10 (USA 5)
1 15271U 84097A   19081.25824059 -.00000081  00000-0  00000+0 0  9997
2 15271  63.5415   9.2567 0130863 228.1654 247.5481  1.92618396245388
0 COSMOS 1650 (GLONASS)
1 15697U 85037A   19080.70023883 +.00000025 +00000-0 +00000-0 0  9997
2 15697 064.1190 164.1690 0032853 015.9101 055.1390 02.13102631239945
0 COSMOS 1651 (GLONASS)
1 15698U 85037B   19081.68310466  .00000023  00000-0  00000+0 0  9999
2 15698  64.1005 163.7684 0013961  10.6595 272.6888  2.13125878263445
0 COSMOS 1652 (GLONASS)
1 15699U 85037C   19080.48526696  .00000024  00000-0  00000+0 0  9992
2 15699  64.0996 164.0477 0017189  14.9104  70.5983  2.13067307263350
0 NAVSTAR 11 (USA 10)
1 16129U 85093A   19081.25346431  .00000030  00000-0  00000+0 0  9993
2 16129  62.7139 157.7588 0253604  44.3371 354.0002  1.89368788179348
0 COSMOS 1710 (GLONASS)
1 16396U 85118A   19080.83526073 -.00000035  00000-0  00000+0 0  9998
2 16396  65.9942  51.3310 0011826 213.3062 328.5846  2.13103194258768
0 COSMOS 1711 (GLONASS)
1 16397U 85118B   19080.85241069 -.00000035  00000-0  00000+0 0  9990
2 16397  66.0039  51.4965 0008505 202.5371 338.1910  2.13101633258707
0 COSMOS 1712 (GLONASS)
1 16398U 85118C   19080.49277522 -.00000033 +00000-0 +00000-0 0  9993
2 16398 065.9800 051.9903 0010186 017.3805 176.5332 02.12920227257732
0 COSMOS 1778 (GLONASS)
1 16961U 86071A   19081.00436222  .00000025  00000-0  00000+0 0  9999
2 16961  64.1059 163.2572 0004936 218.1974  67.0779  2.13102936253025
0 COSMOS 1779 (GLONASS)
1 16962U 86071B   19080.70073140 +.00000025 +00000-0 +00000-0 0  9993
2 16962 064.1104 163.3271 0009674 031.4788 067.7368 02.13102954252892
0 COSMOS 1780 (GLONASS)
1 16963U 86071C   19080.70088216  .00000025  00000-0  00000+0 0  9993
2 16963  64.0938 163.0907 0003327 321.4277 121.1639  2.13106649253010
0 COSMOS 1883 (GLONASS)
1 18355U 87079A   19080.77182878 -.00000042 +00000-0 +00000-0 0  9996
2 18355 065.7279 046.9820 0005469 282.0205 187.1088 02.13100912245184
0 COSMOS 1884 (GLONASS)
1 18356U 87079B   19080.76424109 -.00000041  00000-0  00000+0 0  9990
2 18356  65.7437  47.2630 0017921 220.2125 305.2125  2.13102765245379
0 COSMOS 1885 (GLONASS)
1 18357U 87079C   19080.81108788 -.00000041  00000-0  00000+0 0  9999
2 18357  65.7416  47.2021 0018288 215.9996  62.4903  2.13102694228980
0 COSMOS 1946 (GLONASS)
1 19163U 88043A   19080.87147282 +.00000025 +00000-0 +00000-0 0  9997
2 19163 064.2057 164.1953 0002571 141.3170 117.0810 02.13102610239241
0 COSMOS 1947 (GLONASS)
1 19164U 88043B   19080.60370889 +.00000025 +00000-0 +00000-0 0  9990
2 19164 064.2007 164.1414 0021329 216.5431 253.2873 02.13103667234943
0 COSMOS 1948 (GLONASS)
1 19165U 88043C   19080.70058101 +.00000025 +00000-0 +00000-0 0  9992
2 19165 064.1880 163.9769 0002910 326.1167 122.7629 02.13104070239652
0 COSMOS 1970 (GLONASS)
1 19501U 88085A   19080.40179192 -.00000046 +00000-0 +00000-0 0  9997
2 19501 065.5179 043.6423 0008266 049.8841 208.8387 02.13101871237416
0 COSMOS 1971 (GLONASS)
1 19502U 88085B   19080.48546309 -.00000046 +00000-0 +00000-0 0  9994
2 19502 065.5139 043.5749 0021627 017.1502 155.3991 02.13101516222991
0 COSMOS 1972 (GLONASS)
1 19503U 88085C   19080.88466248 -.00000046  00000-0  00000+0 0  9991
2 19503  65.5371  43.9256 0003897 233.4504 335.8695  2.13102028237486
0 COSMOS 1987 (GLONASS)
1 19749U 89001A   19080.77151685 +.00000026 +00000-0 +00000-0 0  9994
2 19749 064.1435 163.0851 0004725 238.3691 210.1445 02.13104089234991
0 COSMOS 1988 (GLONASS)
1 19750U 89001B   19080.25139362 +.00000024 +00000-0 +00000-0 0  9995
2 19750 064.1637 163.3828 0014144 214.8446 134.3338 02.13102100234919
0 COSMOS 1989 (ETALON 1)
1 19751U 89001C   19080.75468429  .00000026  00000-0  00000+0 0  9991
2 19751  64.1543 163.0162 0022089 210.1295 198.8844  2.13156259235071
0 NAVSTAR 13 (USA 35)
1 19802U 89013A   19078.46339374 -.00000017  00000-0  00000+0 0  9993
2 19802  54.1887 184.0000 0036756 184.2062 141.6491  1.85322917210083
0 COSMOS 2022 (GLONASS)
1 20024U 89039A   19080.88732590 -.00000051 +00000-0 +00000-0 0  9994
2 20024 065.3274 040.8363 0007657 228.5951 310.1680 02.13102057231981
0 COSMOS 2023 (GLONASS)
1 20025U 89039B   19080.74938247 -.00000050  00000-0  00000+0 0  9995
2 20025  65.3440  41.0734 0017501 207.2802  40.8350  2.13103925231975
0 COSMOS 2024 (ETALON 2)
1 20026U 89039C   19081.41445616 -.00000051  00000-0  00000+0 0  9995
2 20026  65.3386  40.5482 0017646 223.1745  44.4631  2.13204301232133
0 NAVSTAR 14 (USA 38)
1 20061U 89044A   19081.32103441 -.00000075  00000-0  00000+0 0  9993
2 20061  55.2685 334.7770 0021072 148.3708 333.3023  1.88857483211874
0 NAVSTAR 15 (USA 42)
1 20185U 89064A   19080.09468847 -.00000003  00000-0  00000+0 0  9990
2 20185  54.0086 179.9460 0013235 285.4254 134.3348  1.86085765206977
0 NAVSTAR 16 (USA 47)
1 20302U 89085A   19081.33838370 -.00000013  00000-0  00000+0 0  9995
2 20302  54.7844 277.7805 0008274  49.5745 123.0328  1.89426111208442
0 NAVSTAR 17 (USA 49)
1 20361U 89097A   19080.62641995  .00000016  00000-0  00000+0 0  9991
2 20361  54.4851 103.9713 0023877 280.3593 219.5741  1.89174358199310
0 NAVSTAR 18 (USA 50)
1 20452U 90008A   19080.82931965 -.00000006  00000-0  00000+0 0  9997
2 20452  54.8182 226.1077 0013451 248.8706 117.7535  1.89597487206114
0 NAVSTAR 19 (USA 54)
1 20533U 90025A   19081.28854198 -.00000082  00000-0  00000+0 0  9993
2 20533  55.4371 342.6507 0037424 172.7490 121.9536  1.91039949204577
0 COSMOS 2079 (GLONASS)
1 20619U 90045A   19080.81566181 -.00000053 +00000-0 +00000-0 0  9999
2 20619 065.1828 038.9607 0041634 212.1793 030.0016 02.13102850224400
0 COSMOS 2080 (GLONASS)
1 20620U 90045B   19080.83680345 -.00000053  00000-0  00000+0 0  9991
2 20620  65.1792  38.9166 0020769  33.4520 135.3536  2.13102670224484
0 COSMOS 2081 (GLONASS)
1 20621U 90045C   19080.07132583 -.00000051  00000-0  00000+0 0  9992
2 20621  65.1947  39.1775 0034144 225.1956  56.5130  2.13104468224460
0 NAVSTAR 20 (USA 63)
1 20724U 90068A   19080.39821069  .00000007  00000-0  00000+0 0  9990
2 20724  53.6030 167.2960 0041726 289.7007 344.8050  1.87184051200414
0 NAVSTAR 21 (USA 64)
1 20830U 90088A   19081.09470407  .00000008  00000-0  00000+0 0  9995
2 20830  54.5759 101.0887 0021223 247.1963 121.4983  1.87754096203221
0 NAVSTAR 22 (USA 66)
1 20959U 90103A   19081.16005178  .00000020  00000-0  00000+0 0  9996
2 20959  54.3833 143.6596 0016694  34.4346 325.7541  1.88156441206280
0 COSMOS 2109 (GLONASS)
1 21006U 90110A   19080.76956878 +.00000026 +00000-0 +00000-0 0  9992
2 21006 064.1097 162.0608 0085425 193.6031 151.5566 02.13102500220128
0 COSMOS 2110 (GLONASS)
1 21007U 90110B   19081.58192073  .00000025  00000-0  00000+0 0  9991
2 21007  64.1328 162.3782 0045232 193.3582 247.0915  2.13101091220158
0 COSMOS 2111 (GLONASS)
1 21008U 90110C   19080.87132219 +.00000026 +00000-0 +00000-0 0  9991
2 21008 064.1110 162.1253 0016871 239.3106 028.8086 02.13098654220041
0 COSMOS 2139 (GLONASS)
1 21216U 91025A   19079.77197558 -.00000055 +00000-0 +00000-0 0  9995
2 21216 064.9576 035.9274 0014815 228.4046 131.4487 02.13105394217552
0 COSMOS 2140 (GLONASS)
1 21217U 91025B   19080.67997789 -.00000057 +00000-0 +00000-0 0  9993
2 21217 064.9501 035.8111 0023474 226.3623 357.6149 02.13101025217586
0 COSMOS 2141 (GLONASS)
1 21218U 91025C   19080.16231090 -.00000056  00000-0  00000+0 0  9992
2 21218  64.9453  35.7472 0005180 270.0237 246.1295  2.13102501217644
0 NAVSTAR 23 (USA 71)
1 21552U 91047A   19080.46481050 -.00000000  00000-0  00000+0 0  9992
2 21552  55.0972  87.3106 0032267  88.1887  93.1988  1.91857472200633
0 COSMOS 2177 (GLONASS)
1 21853U 92005A   19080.32128681  .00000026  00000-0  00000+0 0  9991
2 21853  64.0476 161.1174 0009467 194.5909 222.2144  2.13101711211257
0 COSMOS 2178 (GLONASS)
1 21854U 92005B   19080.38729950 +.00000027 +00000-0 +00000-0 0  9996
2 21854 064.0533 161.1537 0030282 016.8273 341.6444 02.13105991211167
0 COSMOS 2179 (GLONASS)
1 21855U 92005C   19080.70088216 +.00000027 +00000-0 +00000-0 0  9996
2 21855 064.0524 161.1537 0009025 231.2635 213.5468 02.13102502210992
0 NAVSTAR 24 (USA 79)
1 21890U 92009A   19081.57223370 -.00000005  00000-0  00000+0 0  9993
2 21890  54.7099 262.4482 0038346  12.9441 346.2806  1.91830171195521
0 NAVSTAR 25 (USA 80)
1 21930U 92019A   19080.74983391 -.00000081  00000-0  00000+0 0  9997
2 21930  55.6826  36.3719 0033255 292.8414 306.0530  1.87659205191805
0 NAVSTAR 26 (USA 83)
1 22014U 92039A   19081.33633624 -.00000002  00000-0  00000+0 0  9993
2 22014  55.2495 209.1721 0003761 252.4980 107.4202  1.87911846187401
0 COSMOS 2206 (GLONASS)
1 22056U 92047A   19080.74369431 -.00000059 +00000-0 +00000-0 0  9997
2 22056 064.8038 034.1845 0010160 260.7399 026.5644 02.13107318207265
0 COSMOS 2204 (GLONASS)
1 22057U 92047B   19081.78485016 -.00000059  00000-0  00000+0 0  9990
2 22057  64.8144  34.3030 0013200 337.1780 104.3336  2.13103906207322
0 COSMOS 2205 (GLONASS)
1 22058U 92047C   19080.43254205 -.00000059 +00000-0 +00000-0 0  9997
2 22058 064.8097 034.3016 0013424 230.5638 308.8261 02.13102640207175
0 NAVSTAR 27 (USA 84)
1 22108U 92058A   19080.30735445 -.00000001  00000-0  00000+0 0  9997
2 22108  55.1030 257.3186 0012468 353.2054   6.7461  1.87563017193403
0 NAVSTAR 28 (USA 85)
1 22231U 92079A   19080.06005145 -.00000011 +00000-0 +00000-0 0  9999
2 22231 055.1892 204.7908 0032222 310.0535 049.6238 01.89107344192135
0 NAVSTAR 29 (USA 87)
1 22275U 92089A   19081.34108340 -.00000003  00000-0  00000+0 0  9991
2 22275  54.8936 219.1404 0052803  42.1191 211.8290  1.88247104187196
0 NAVSTAR 30 (USA 88)
1 22446U 93007A   19078.98936912 -.00000065  00000-0  00000+0 0  9990
2 22446  55.2711 337.4142 0023232 349.6091 295.5481  1.88093314184272
0 COSMOS 2234 (GLONASS)
1 22512U 93010A   19080.77167598 +.00000027 +00000-0 +00000-0 0  9992
2 22512 064.0655 161.1518 0023027 205.1829 221.0121 02.13103569202782
0 COSMOS 2236 (GLONASS)
1 22513U 93010B   19080.70058101 +.00000027 +00000-0 +00000-0 0  9995
2 22513 064.0580 161.0795 0004061 105.3931 343.9172 02.13104568203026
0 COSMOS 2235 (GLONASS)
1 22514U 93010C   19081.56442918  .00000025  00000-0  00000+0 0  9991
2 22514  64.0816 161.2966 0011915 196.5282 265.3253  2.13101837203043
0 NAVSTAR 31 (USA 90)
1 22581U 93017A   19080.06566619 -.00000084  00000-0  00000+0 0  9997
2 22581  55.1191  32.1994 0003295  16.0211 194.8882  1.88945869184696
0 NAVSTAR 32 (USA 91)
1 22657U 93032A   19080.27253764 -.00000096  00000-0  00000+0 0  9998
2 22657  55.1456  14.1513 0040035  37.8763 250.0635  1.87697042184256
0 NAVSTAR 33 (USA 92)
1 22700U 93042A   19081.58488426 -.00000004  00000-0  00000+0 0  9997
2 22700  55.1977 261.3225 0008393 336.7628  16.0564  1.89431977187070
0 NAVSTAR 34 (USA 94)
1 22779U 93054A   19081.13251469 -.00000047  00000-0  00000+0 0  9999
2 22779  54.9173 313.3055 0046356 210.1851 321.7517  1.89128740186078
0 NAVSTAR 35 (USA 96)
1 22877U 93068A   19081.38828062 -.00000032  00000-0  00000+0 0  9993
2 22877  54.6251  72.1005 0148805  78.7831 319.0338  2.00557923186135
0 NAVSTAR 36 (USA 100)
1 23027U 94016A   19081.00478380 -.00000092  00000-0  00000+0 0  9994
2 23027  54.9484   8.9864 0142035  34.3368 189.4426  2.00563891183401
0 COSMOS 2276 (GLONASS)
1 23043U 94021A   19081.75929500 -.00000060  00000-0  00000+0 0  9990
2 23043  64.6919  33.2763 0016340 190.8022  15.4776  2.13099224194162
0 COSMOS 2277 (GLONASS)
1 23044U 94021B   19080.68046652 -.00000060  00000-0  00000+0 0  9990
2 23044  64.6840  33.2110 0050417 215.4019  25.0846  2.13103438194141
0 COSMOS 2275 (GLONASS)
1 23045U 94021C   19080.40206303 -.00000060  00000-0  00000+0 0  9992
2 23045  64.6750  33.1386 0025661  35.6614 196.9764  2.13101988194136
0 COSMOS 2287 (GLONASS)
1 23203U 94050A   19080.82381951 +.00000014 +00000-0 +00000-0 0  9998
2 23203 065.9525 288.7491 0009828 051.2290 304.6303 02.13101990191498
0 COSMOS 2289 (GLONASS)
1 23204U 94050B   19079.60159214  .00000028  00000-0  00000+0 0  9992
2 23204  65.9401 288.6849 0008740 330.7856  29.2108  2.13101958191502
0 COSMOS 2288 (GLONASS)
1 23205U 94050C   19080.18681586  .00000021  00000-0  00000+0 0  9993
2 23205  65.9466 288.7219 0001069 348.6966 189.4753  2.13101841191521
0 COSMOS 2295 (GLONASS)
1 23396U 94076A   19080.36260341 +.00000027 +00000-0 +00000-0 0  9991
2 23396 063.9935 160.4574 0040391 194.8373 274.6455 02.13102964189143
0 COSMOS 2296 (GLONASS)
1 23397U 94076B   19080.56957348 +.00000027 +00000-0 +00000-0 0  9994
2 23397 063.9811 160.3421 0009551 268.7409 153.8299 02.13100016189130
0 COSMOS 2294 (GLONASS)
1 23398U 94076C   19080.78864808 +.00000027 +00000-0 +00000-0 0  9997
2 23398 063.9712 160.2042 0004711 026.0234 328.9762 02.13102079189325
0 COSMOS 2307 (GLONASS)
1 23511U 95009A   19080.88298743 -.00000060 +00000-0 +00000-0 0  9999
2 23511 064.7011 033.6955 0004913 126.2627 111.8263 02.13105643186874
0 COSMOS 2308 (GLONASS)
1 23512U 95009B   19080.81171917 -.00000060  00000-0  00000+0 0  9995
2 23512  64.6917  33.6169 0007663 299.6631 343.5642  2.13099181187102
0 COSMOS 2309 (GLONASS)
1 23513U 95009C   19080.83617488 -.00000060 +00000-0 +00000-0 0  9997
2 23513 064.6935 033.7948 0031486 218.9107 314.7093 02.13051986186965
0 COSMOS 2316 (GLONASS)
1 23620U 95037A   19080.25675465  .00000020  00000-0  00000+0 0  9996
2 23620  66.0105 289.1944 0013914 159.7712  23.8155  2.13101480184131
0 COSMOS 2317 (GLONASS)
1 23621U 95037B   19080.68682778  .00000015  00000-0  00000+0 0  9993
2 23621  66.0221 289.2944 0010138 161.1388 216.0666  2.13101546184140
0 COSMOS 2318 (GLONASS)
1 23622U 95037C   19080.68154726 +.00000015 +00000-0 +00000-0 0  9992
2 23622 066.0126 289.2025 0022038 098.6488 228.0783 02.13101857183879
0 COSMOS 2325 (GLONASS)
1 23734U 95068A   19080.35604848 +.00000019 +00000-0 +00000-0 0  9993
2 23734 066.0141 289.1506 0017554 245.0423 113.3297 02.13102460181029
0 COSMOS 2324 (GLONASS)
1 23735U 95068B   19079.53721825 +.00000029 +00000-0 +00000-0 0  9998
2 23735 066.0109 289.1283 0006490 211.2210 148.7867 02.13102082181083
0 COSMOS 2323 (GLONASS)
1 23736U 95068C   19079.60336053  .00000028  00000-0  00000+0 0  9990
2 23736  66.0011 289.0520 0007348 183.7177 134.1716  2.13102094181071
0 NAVSTAR 37 (USA 117)
1 23833U 96019A   19080.74825927 -.00000094  00000-0  00000+0 0  9999
2 23833  54.5787   7.9616 0009562 310.4621 323.7597  1.94617856167439
0 NAVSTAR 38 (USA 126)
1 23953U 96041A   19081.34199527  .00000019  00000-0  00000+0 0  9990
2 23953  54.1212 139.7251 0048400  61.9007 225.3223  1.88696571164894
0 NAVSTAR 39 (USA 128)
1 24320U 96056A   19081.22792391 -.00000067  00000-0  00000+0 0  9994
2 24320  55.6506 328.3826 0023399 161.8732 196.6554  1.86498937161184
0 NAVSTAR 43 (USA 132)
1 24876U 97035A   19081.23293596 -.00000001  00000-0  00000+0 0  9990
2 24876  55.4650 201.8694 0034294  76.3239 284.0329  2.00564574158720
0 NAVSTAR 44 (USA 135)
1 25030U 97067A   19080.86176580 -.00000001  00000-0  00000+0 0  9999
2 25030  56.1106 263.7235 0181314 229.9395 310.8472  2.00521564156615
0 COSMOS 2364 (GLONASS)
1 25593U 98077A   19080.56021775  .00000031  00000-0  00000+0 0  9999
2 25593  63.2807 153.8503 0024383  46.5513 314.4629  2.13102942157377
0 COSMOS 2363 (GLONASS)
1 25594U 98077B   19081.54094146  .00000028  00000-0  00000+0 0  9997
2 25594  63.2746 153.7632 0020532  36.4342  58.3424  2.13103704157400
0 COSMOS 2362 (GLONASS)
1 25595U 98077C   19080.53676098  .00000031  00000-0  00000+0 0  9992
2 25595  63.2874 153.8908 0006808  87.6071   5.1669  2.13104015157381
0 NAVSTAR 46 (USA 145)
1 25933U 99055A   19080.08536209 -.00000063  00000-0  00000+0 0  9990
2 25933  52.0736  49.6489 0163077 107.3433  71.3741  2.00560804142513
0 NAVSTAR 47 (USA 150)
1 26360U 00025A   19081.24442751  .00000017  00000-0  00000+0 0  9999
2 26360  53.2987 128.0629 0042048 134.7654 207.2811  2.00562514138232
0 NAVSTAR 48 (USA 151)
1 26407U 00040A   19081.60633215 -.00000053  00000-0  00000+0 0  9996
2 26407  56.3144 319.9872 0194130 275.7583 301.9875  2.00560666136923
0 COSMOS 2375 (GLONASS)
1 26564U 00063A   19080.53161600 -.00000047 +00000-0 +00000-0 0  9994
2 26564 065.4975 043.0869 0005597 024.6972 335.3078 02.13101876143429
0 COSMOS 2376 (GLONASS)
1 26565U 00063B   19080.74968370 -.00000047  00000-0  00000+0 0  9996
2 26565  65.5013  43.0996 0003538  21.0095 202.8617  2.13102955143454
0 COSMOS 2374 (GLONASS)
1 26566U 00063C   19080.94830799 -.00000048 +00000-0 +00000-0 0  9994
2 26566 065.4830 042.8863 0067723 218.6663 356.9782 02.13099663143413
0 NAVSTAR 49 (USA 154)
1 26605U 00071A   19081.38313118 -.00000000  00000-0  00000+0 0  9994
2 26605  55.0390 199.3458 0105371 248.8994  79.1198  2.00562333134516
0 NAVSTAR 50 (USA 156)
1 26690U 01004A   19081.60760852  .00000014  00000-0  00000+0 0  9995
2 26690  53.2102 131.1467 0003483 291.1592  72.6874  1.91595649132872
0 COSMOS 2382 (GLONASS)
1 26987U 01053A   19081.78332111  .00000026  00000-0  00000+0 0  9993
2 26987  62.9790 152.0942 0005598 190.1278 253.0990  2.13105372134678
0 COSMOS 2381 (GLONASS)
1 26988U 01053B   19080.60726333 +.00000032 +00000-0 +00000-0 0  9995
2 26988 062.9826 152.1543 0039880 216.2122 139.9177 02.13104686134661
0 COSMOS 2380 (GLONASS)
1 26989U 01053C   19081.26234772  .00000030  00000-0  00000+0 0  9997
2 26989  62.9751 152.1019 0003898  15.5691 319.5417  2.13103226134660
0 COSMOS 2394 (GLONASS)
1 27617U 02060A   19080.36063542 -.00000044 +00000-0 +00000-0 0  9997
2 27617 065.6695 044.2764 0002413 016.0686 343.9175 02.13102070126362
0 COSMOS 2396 (GLONASS)
1 27618U 02060B   19080.61397076 -.00000045  00000-0  00000+0 0  9998
2 27618  65.6724  44.2542 0008361 158.4655 102.5385  2.13099711126386
0 COSMOS 2395 (GLONASS)
1 27619U 02060C   19080.61382058 -.00000045 +00000-0 +00000-0 0  9994
2 27619 065.6810 044.3620 0011380 268.3340 345.8063 02.13104011126372
0 NAVSTAR 51 (USA 166)
1 27663U 03005A   19080.39278212 -.00000043  00000-0  00000+0 0  9991
2 27663  56.3764 319.8059 0106573  30.7124 147.6952  2.00579009118265
0 NAVSTAR 52 (USA 168)
1 27704U 03010A   19080.95474029 -.00000030  00000-0  00000+0 0  9995
2 27704  54.2991  71.6153 0249698 276.1269 277.0220  2.00551761117068
0 COSMOS 2404 (GLONASS)
1 28112U 03056A   19080.59493712 +.00000030 +00000-0 +00000-0 0  9999
2 28112 063.2435 155.8859 0037930 078.2630 279.6599 02.13088101118863
0 COSMOS 2402 (GLONASS)
1 28113U 03056B   19079.51618088  .00000028  00000-0  00000+0 0  9991
2 28113  63.2615 155.9928 0034753  76.1751 203.7925  2.13104991118882
0 COSMOS 2403 (GLONASS)
1 28114U 03056C   19080.20548589  .00000030  00000-0  00000+0 0  9991
2 28114  63.2662 156.0080 0044094  60.1827 297.7917  2.13105090118898
0 NAVSTAR 53 (USA 175)
1 28129U 03058A   19080.92512279  .00000019  00000-0  00000+0 0  9992
2 28129  53.1105 130.8780 0075021 279.6818  79.5531  2.00577512111767
0 NAVSTAR 54 (USA 177)
1 28190U 04009A   19080.81305803 -.00000087  00000-0  00000+0 0  9994
2 28190  56.2535  20.5740 0092417  77.6504 199.7353  2.00569303109946
0 NAVSTAR 55 (USA 178)
1 28361U 04023A   19080.09436963 -.00000009  00000-0  00000+0 0  9996
2 28361  54.0502 193.8553 0131366 229.7380 161.2664  2.00569375108016
0 NAVSTAR 56 (USA 180)
1 28474U 04045A   19081.29468640 -.00000032  00000-0  00000+0 0  9991
2 28474  54.6595  71.3207 0191422 259.3274 281.9939  2.00563488105397
0 COSMOS 2413 (GLONASS)
1 28508U 04053A   19080.87102152  .00000030  00000-0  00000+0 0  9991
2 28508  63.1629 154.3195 0008333 188.2130  81.9894  2.13103838110774
0 COSMOS 2411 (GLONASS)
1 28509U 04053B   19080.87087076 +.00000030 +00000-0 +00000-0 0  9990
2 28509 063.1581 154.2765 0004264 183.0309 095.7835 02.13102171110760
0 COSMOS 2412 (GLONASS)
1 28510U 04053C   19080.47303826  .00000031  00000-0  00000+0 0  9992
2 28510  63.1692 154.3874 0007666 241.3701 115.8668  2.13103446110753
0 NAVSTAR 57 (USA 183)
1 28874U 05038A   19081.20872361 -.00000089  00000-0  00000+0 0  9990
2 28874  56.3808  17.9009 0131583 261.8516 323.8951  2.00559364 98795
0 COSMOS 2419 (GLONASS)
1 28915U 05050A   19081.28837148 -.00000046  00000-0  00000+0 0  9995
2 28915  65.8026  44.2526 0017489 340.5515 274.9855  2.13106912103031
0 COSMOS 2418 (GLONASS)
1 28916U 05050B   19080.44856479 -.00000044 +00000-0 +00000-0 0  9990
2 28916 065.8198 044.3901 0015311 314.5054 045.3478 02.13104063102991
0 COSMOS 2417 (GLONASS)
1 28917U 05050C   19080.68030212 -.00000045 +00000-0 +00000-0 0  9997
2 28917 065.8044 044.2951 0013116 113.3623 151.3542 02.13103622102871
0 NAVSTAR 58 (USA 190)
1 29486U 06042A   19081.26267083 -.00000003  00000-0  00000+0 0  9997
2 29486  55.0399 256.5210 0092461 358.3592 185.5026  2.00574156 91513
0 NAVSTAR 59 (USA 192)
1 29601U 06052A   19080.45414631 -.00000042  00000-0  00000+0 0  9993
2 29601  56.3555 318.7198 0073755  59.2979 301.4820  2.00563230 90417
0 COSMOS 2425 (GLONASS)
1 29670U 06062A   19081.36507563  .00000011  00000-0  10000-3 0  9998
2 29670  65.1485 283.1263 0022679 349.7969  13.2873  2.13105953 95246
0 COSMOS 2426 (GLONASS)
1 29671U 06062B   19081.25874914  .00000012  00000-0  10000-3 0  9995
2 29671  65.1649 283.2337 0016741 158.8872 336.3074  2.13103025 95247
0 COSMOS 2424 (GLONASS)
1 29672U 06062C   19081.79941270  .00000009  00000-0  00000+0 0  9996
2 29672  65.1507 283.1246 0019228 164.6871 195.3932  2.13120814 95247
0 NAVSTAR 60 (USA 196)
1 32260U 07047A   19081.76261851  .00000001  00000-0  00000+0 0  9996
2 32260  53.1730 189.5558 0110898  43.1645 317.6998  2.00565017 83814
0 COSMOS 2433 (GLONASS)
1 32275U 07052A   19081.14028608 -.00000046  00000-0  10000-3 0  9996
2 32275  65.8177  44.0480 0004881 280.2993 100.3981  2.13104493 88756
0 COSMOS 2432 (GLONASS)
1 32276U 07052B   19080.54694613 -.00000045  00000-0  10000-3 0  9994
2 32276  65.8290  44.1496 0013192 326.2802 270.4984  2.13103891 88737
0 COSMOS 2431 (GLONASS)
1 32277U 07052C   19080.80949358 -.00000046  00000-0  00000+0 0  9999
2 32277  65.8315  44.0311 0014213 183.9479  89.5319  2.13208541 88856
0 NAVSTAR 61 (USA 199)
1 32384U 07062A   19080.94813263 -.00000088  00000-0  00000+0 0  9995
2 32384  56.4627  18.5433 0005902  81.2135 189.5053  2.00578512 82531
0 COSMOS 2434 (GLONASS)
1 32393U 07065A   19081.77269606  .00000009  00000-0  00000+0 0  9998
2 32393  64.7592 281.9549 0005277  87.3389 306.0222  2.13103007 87470
0 COSMOS 2435 (GLONASS)
1 32394U 07065B   19081.21832915  .00000012  00000-0  00000+0 0  9991
2 32394  64.7651 281.9689 0023126 357.4007   2.6102  2.13115164 87397
0 COSMOS 2436 (GLONASS)
1 32395U 07065C   19080.76107832  .00000016  00000-0  10000-3 0  9993
2 32395  64.7732 282.0427 0017125   6.0787  23.0510  2.13104380 87381
0 NAVSTAR 62 (USA 201)
1 32711U 08012A   19080.67224093 -.00000003  00000-0  00000+0 0  9999
2 32711  54.7784 255.7553 0124952 219.0361 140.0249  2.00571754 80715
0 COSMOS 2442 (GLONASS)
1 33378U 08046A   19081.34960295 -.00000047  00000-0  00000+0 0  9990
2 33378  65.7376  43.2850 0021200 323.5408 302.1849  2.13110108 81601
0 COSMOS 2443 (GLONASS)
1 33379U 08046B   19080.78735360 -.00000047  00000-0  00000+0 0  9991
2 33379  65.7453  43.3829 0011190 183.7949 175.5635  2.13099626 81592
0 COSMOS 2444 (GLONASS)
1 33380U 08046C   19080.48648154 -.00000046  00000-0  00000+0 0  9993
2 33380  65.7525  43.4291 0022149 306.6249 229.5672  2.13112939 81575
0 COSMOS 2447 (GLONASS)
1 33466U 08067A   19080.58521421 +.00000027 +00000-0 +00000-0 0  9998
2 33466 063.9661 160.7665 0008875 259.2826 094.4628 02.13107324079606
0 COSMOS 2449 (GLONASS)
1 33467U 08067B   19080.55665600 +.00000027 +00000-0 +00000-0 0  9994
2 33467 063.9536 160.7100 0026647 238.0719 121.7270 02.13097902079679
0 COSMOS 2448 (GLONASS)
1 33468U 08067C   19081.45824044  .00000026  00000-0  00000+0 0  9992
2 33468  63.9603 160.6922 0006050 290.8141  69.1821  2.13116108 79696
0 NAVSTAR 63 (USA 203)
1 34661U 09014A   19081.34083417 -.00000048  00000-0  00000+0 0  9995
2 34661  55.9120 316.5537 0103083  52.0146 131.1298  2.00573922 73260
0 NAVSTAR 64 (USA 206)
1 35752U 09043A   19081.54288929  .00000017  00000-0  00000+0 0  9991
2 35752  54.3978 133.4133 0054093  38.5782 255.4503  2.00565973 70314
0 COSMOS 2456 (GLONASS)
1 36111U 09070A   19081.17435382  .00000026  00000-0  00000+0 0  9997
2 36111  64.1946 161.5985 0004397 316.9181 150.3250  2.13102853 72124
0 COSMOS 2457 (GLONASS)
1 36112U 09070B   19081.34673519  .00000026  00000-0  00000+0 0  9993
2 36112  64.1773 161.4983 0005641 169.8247 195.1636  2.13101560 72131
0 COSMOS 2458 (GLONASS)
1 36113U 09070C   19080.73160988  .00000027  00000-0  10000-3 0  9993
2 36113  64.1823 161.5346 0002134  21.7199 270.2844  2.13092589 72112
0 COSMOS 2459 (GLONASS)
1 36400U 10007A   19081.39209963 -.00000048  00000-0  10000-3 0  9998
2 36400  65.7234  43.0660 0028126 346.9704  83.5536  2.13102263 70482
0 COSMOS 2461 (GLONASS)
1 36401U 10007B   19080.81551086 -.00000047  00000-0  10000-3 0  9990
2 36401  65.7164  43.0589 0005800  41.3896 217.3307  2.13102203 70462
0 COSMOS 2460 (GLONASS)
1 36402U 10007C   19080.74938247 -.00000047  00000-0  10000-3 0  9991
2 36402  65.7055  43.0264 0002761 303.3320 304.7535  2.13101583 70462
0 NAVSTAR 65 (USA 213)
1 36585U 10022A   19081.42667286 -.00000047  00000-0  00000+0 0  9993
2 36585  55.6365 315.0435 0081759  48.9816 265.2531  2.00556175 64562
0 COSMOS 2466 (GLONASS)
1 37137U 10041A   19081.11897187  .00000012  00000-0  00000+0 0  9990
2 37137  64.3393 281.5406 0016833 151.8778 357.7871  2.13113088 66552
0 COSMOS 2465 (GLONASS)
1 37138U 10041B   19081.38686653  .00000010  00000-0  00000+0 0  9992
2 37138  64.3563 281.6290 0035968 168.9989 321.7474  2.13097626 66556
0 COSMOS 2464 (GLONASS)
1 37139U 10041C   19080.73143541  .00000015  00000-0  00000+0 0  9990
2 37139  64.3649 281.6565 0026530  15.4194 166.0413  2.13100681 66533
0 COSMOS 2471 (GLONASS)
1 37372U 11009A   19081.14386941 -.00000048  00000-0  00000+0 0  9990
2 37372  65.7026  42.9565 0009303 243.5483  97.1578  2.13107568 62744
0 NAVSTAR 66 (USA 232)
1 37753U 11036A   19080.68169947 -.00000019  00000-0  00000+0 0  9994
2 37753  55.8560  75.2043 0083932  37.9208 183.8931  2.00565671 56221
0 COSMOS 2474 (GLONASS)
1 37829U 11055A   19081.13182811  .00000026  00000-0  00000+0 0  9992
2 37829  64.5173 162.4363 0008915 246.8722  44.5848  2.13101900 58111
0 COSMOS 2476 (GLONASS)
1 37867U 11064A   19081.13476838  .00000026  00000-0  00000+0 0  9999
2 37867  64.4977 162.4909 0018927 240.4528  99.3754  2.13101980 57467
0 COSMOS 2477 (GLONASS)
1 37868U 11064B   19081.35329861  .00000026  00000-0  00000+0 0  9997
2 37868  64.5057 162.5338 0016536 241.7611  84.4588  2.13101731 57426
0 COSMOS 2475 (GLONASS)
1 37869U 11064C   19080.87072031 +.00000026 +00000-0 +00000-0 0  9999
2 37869 064.5138 162.5470 0020698 265.3902 007.6124 02.13101897057429
0 COSMOS 2478 (GLONASS)
1 37938U 11071A   19080.39863219 -.00000046 +00000-0 +00000-0 0  9990
2 37938 065.7320 043.2475 0015605 245.0664 285.5411 02.13085918056895
0 BEIDOU 12
1 38250U 12018A   19080.54710157 -.00000084  00000-0  10000-3 0  9995
2 38250  56.5950  32.7114 0022894 241.9505  12.9156  1.86233063 47039
0 BEIDOU 13
1 38251U 12018B   19081.18279762 -.00000086  00000-0  10000-3 0  9991
2 38251  56.5280  32.0856 0027223 236.3196 152.4877  1.86233737 47057
0 BEIDOU 14
1 38774U 12050A   19081.29734156  .00000018  00000-0  00000+0 0  9991
2 38774  54.8252 151.8396 0034226 209.5302 150.3481  1.86251559 44448
0 BEIDOU 15
1 38775U 12050B   19080.73176036  .00000021  00000-0  00000+0 0  9991
2 38775  54.9337 151.6034 0022448 244.9009  39.2894  1.86232241 44418
0 NAVSTAR 67 (USA 239)
1 38833U 12053A   19081.35688323 -.00000005  00000-0  00000+0 0  9998
2 38833  53.8122 252.0134 0081241  33.2379 327.2309  2.00557238 47300
0 COSMOS 2485 (GLONASS)
1 39155U 13019A   19080.53309214 +.00000026 +00000-0 +00000-0 0  9990
2 39155 064.6663 162.6805 0019290 235.6426 047.3713 02.13101906045921
0 NAVSTAR 68 (USA 242)
1 39166U 13023A   19080.72017211 -.00000089  00000-0  00000+0 0  9990
2 39166  56.0661  14.7249 0067860  23.9300 336.3792  2.00568122 42838
0 NAVSTAR 69 (USA 248)
1 39533U 14008A   19081.21434915 -.00000006  00000-0  00000+0 0  9990
2 39533  53.9464 257.4045 0038151 190.5725 169.3168  2.00570322 37207
0 COSMOS 2492 (GLONASS)
1 39620U 14012A   19081.71044641 -.00000048  00000-0  10000-3 0  9991
2 39620  65.5968  42.8388 0016473 324.1841 177.0945  2.13103402 38907
0 NAVSTAR 70 (USA 251)
1 39741U 14026A   19081.00275436 -.00000022  00000-0  00000+0 0  9997
2 39741  55.8369  74.7170 0018268 291.1421  68.6707  2.00578277 35485
0 COSMOS 2500 (GLONASS)
1 40001U 14032A   19080.57345509 -.00000047  00000-0  00000+0 0  9992
2 40001  65.5376  42.8265 0006386 232.1943 338.4331  2.13102767 37096
0 NAVSTAR 71 (USA 256)
1 40105U 14045A   19081.58858116  .00000001  00000-0  00000+0 0  9995
2 40105  54.5764 194.0512 0011513 101.6622 258.4589  2.00558594 33942
0 GALILEO 5 (261)
1 40128U 14050A   19080.55749502 -.00000102 +00000-0 +00000-0 0  9994
2 40128 050.5548 019.4965 1661616 084.6671 293.9338 01.85518511029280
0 GALILEO 6 (262)
1 40129U 14050B   19081.36193244 -.00000105  00000-0  00000+0 0  9993
2 40129  50.5998  18.4845 1661059  85.5646 293.0915  1.85519152 31400
0 NAVSTAR 72 (USA 258)
1 40294U 14068A   19080.45746838  .00000027  00000-0  00000+0 0  9999
2 40294  55.1492 134.9425 0018156  27.4910 332.6886  2.00576881 32142
0 COSMOS 2501 (GLONASS)
1 40315U 14075A   19081.73610700  .00000007  00000-0  00000+0 0  9999
2 40315  64.0863 282.7342 0014566 204.3911 336.9589  2.13098587 33521
0 NAVSTAR 73 (USA 260)
1 40534U 15013A   19081.10197085 -.00000045  00000-0  00000+0 0  9995
2 40534  54.5673 313.4892 0036872   4.5408 355.5429  2.00575161 29220
0 NAVSTAR 74 (USA 262)
1 40730U 15033A   19080.75757275 -.00000090  00000-0  00000+0 0  9998
2 40730  55.5923  14.1031 0044382 339.9774  19.8467  2.00559279 26976
0 BD-18
1 40748U 15037A   19081.07740407 -.00000087  00000-0  00000+0 0  9992
2 40748  55.8011  31.6657 0009399 284.5521 301.1231  1.86231356 24877
0 BD-19
1 40749U 15037B   19081.17026869 -.00000087  00000-0  00000+0 0  9993
2 40749  55.8039  31.6526 0008018 302.7765 100.8883  1.86234517 24872
0 NAVSTAR 75 (USA 265)
1 41019U 15062A   19081.30716889  .00000021  00000-0  00000+0 0  9992
2 41019  55.1517 134.7213 0045262 206.8351 153.0112  2.00564626 24804
0 BD-21
1 41315U 16006A   19081.71282951  .00000016  00000-0  00000+0 0  9997
2 41315  55.1156 151.9058 0003366 248.5325 173.2136  1.86232084 21364
0 NAVSTAR 76 (USA 266)
1 41328U 16007A   19080.40624935 -.00000006  00000-0  00000+0 0  9999
2 41328  54.8218 194.4644 0028722 215.8815 143.9099  2.00552454 22849
0 COSMOS 2514 (GLONASS)
1 41330U 16008A   19081.65154832 -.00000049  00000-0  00000+0 0  9992
2 41330  65.3405  42.7747 0010114 231.3692 267.8415  2.13103183 24281
0 COSMOS 2516 (GLONASS)
1 41554U 16032A   19080.64632043  .00000015  00000-0  00000+0 0  9992
2 41554  64.3041 282.7186 0010055 215.6020 123.0948  2.13101836 21869
0 COSMOS 2522 (GLONASS)
1 42939U 17055A   19080.11845382 +.00000021 +00000-0 +00000-0 0  9998
2 42939 064.5391 282.7812 0005062 252.8050 267.4153 02.13102060011614
0 BEIDOU-3 M1
1 43001U 17069A   19080.77121081  .00000021  00000-0  00000+0 0  9998
2 43001  55.0879 151.4453 0010412 281.8325 160.9400  1.86231861  9357
0 BEIDOU-3 M2
1 43002U 17069B   19081.78301884  .00000015  00000-0  00000+0 0  9995
2 43002  55.0868 151.4463 0009618 301.3871 144.1922  1.86231578  9366
0 BEIDOU 3M3
1 43107U 18003A   19080.68136786 -.00000086  00000-0  00000+0 0  9994
2 43107  55.2217  33.1399 0004755   2.7337 229.9774  1.86232850  8104
0 BEIDOU 3M4
1 43108U 18003B   19081.75778373 -.00000088  00000-0  00000+0 0  9990
2 43108  55.2153  33.0972 0004318 256.2119  23.2555  1.86232888  8124
0 BEIDOU 3M5
1 43207U 18018A   19080.17808984 +.00000021 +00000-0 +00000-0 0  9990
2 43207 055.0476 151.6188 0007004 319.5322 040.4857 01.86231722007480
0 BEIDOU 3M6
1 43208U 18018B   19080.78181348  .00000021  00000-0  00000+0 0  9995
2 43208  55.0468 151.6040 0008742 292.2387  67.7435  1.86231896  7494
0 BEIDOU 3M7
1 43245U 18029A   19081.12166110 -.00000089  00000-0  00000+0 0  9992
2 43245  55.1850  30.9501 0002416 299.3942 138.3424  1.86232892  6656
0 BEIDOU 3M8
1 43246U 18029B   19080.74953323 -.00000088  00000-0  10000-3 0  9994
2 43246  55.1823  30.9953 0006141 319.3139 274.4433  1.86233106  6637
0 COSMOS 2527 (GLONASS)
1 43508U 18053A   19080.67270698  .00000027  00000-0  00000+0 0  9998
2 43508  64.8309 162.4284 0007205 233.6022  22.8120  2.13102623  5911
0 BEIDOU 3M9
1 43581U 18062A   19081.06224906 -.00000009  00000-0  00000+0 0  9995
2 43581  54.8314 272.7198 0001337 273.6162  19.2829  1.86231680  4386
0 BEIDOU 3M10
1 43582U 18062B   19081.56661193 -.00000010  00000-0  00000+0 0  9996
2 43582  54.8301 272.6905 0004804   9.1082 352.3798  1.86232046  4409
0 BEIDOU 3M11
1 43602U 18067A   19081.18547470 -.00000008  00000-0  00000+0 0  9990
2 43602  54.8965 271.2233 0005817 354.2162 155.4271  1.86231611  3881
0 BEIDOU 3M12
1 43603U 18067B   19081.73312463 -.00000010  00000-0  00000+0 0  9997
2 43603  54.8897 271.1738 0003203 349.1181  78.3678  1.86231480  3918
0 BEIDOU 3M13
1 43622U 18072A   19081.53719774  .00000017  00000-0  00000+0 0  9994
2 43622  55.0090 151.1716 0007042 277.9088  48.3961  1.86231668  3414
0 BEIDOU 3M14
1 43623U 18072B   19081.65534466  .00000016  00000-0  00000+0 0  9990
2 43623  55.0106 151.1588 0005520 301.3915 194.2470  1.86231729  3425
0 BEIDOU 3M15
1 43647U 18078A   19080.94640959 -.00000089  00000-0  10000-3 0  9994
2 43647  55.0770  31.2184 0008417 326.3005 309.2389  1.86232993  2928
0 BEIDOU 3M16
1 43648U 18078B   19081.56025465 -.00000090  00000-0  10000-3 0  9995
2 43648  55.0726  31.2060 0006049 330.6509 266.2565  1.86232579  2949
0 COSMOS 2529 (GLONASS)
1 43687U 18086A   19081.36507563  .00000010  00000-0  00000+0 0  9995
2 43687  64.7515 282.7356 0008232 282.0501  70.2560  2.13102117  2947
0 BEIDOU 3M17
1 43706U 18093A   19081.13218420 -.00000009  00000-0  00000+0 0  9990
2 43706  54.9087 272.5168 0007549 259.7531 305.1735  1.86231656  2287
0 BEIDOU 3M18
1 43707U 18093B   19081.65806105 -.00000010  00000-0  00000+0 0  9993
2 43707  54.9106 272.4886 0006752 288.8241 358.8190  1.86231868  2298
0 NAVSTAR 77 (USA 289)
1 43873U 18109A   19080.61294367 -.00000005 +00000-0 +00000-0 0  9996
2 43873 054.9993 196.6506 0005685 264.8214 095.0967 02.00548390001985
